3	5	773
4	6	1057
5	7	759
6	1	725
7	2	1298
8	3	648
9	4	554
10	5	459
12	1	725
13	2	574
14	3	507
15	4	598
16	5	411
17	6	30
19	1	918
20	2	664
21	3	366
22	4	332
23	5	556
24	6	30
25	1	725
26	2	483
27	3	451
28	4	266
29	5	676
30	6	121
32	1	942
33	2	966
34	3	705
35	4	686
36	5	97
39	6	574
40	7	785
41	1	725
42	2	604
43	3	676
44	4	664
45	5	459
46	6	91
47	1	580
48	2	513
49	3	507
50	4	332
51	5	386
52	6	60
53	1	628
54	2	393
55	3	395
56	4	310
57	5	314
60	1	266
61	2	393
62	3	535
63	4	310
64	5	242
65	6	60
66	1	362
67	2	423
68	3	310
69	4	221
70	5	193
71	6	60
72	1	338
73	2	453
74	3	254
75	4	310
76	5	242
77	6	91
79	1	121
80	2	423
81	3	338
82	4	44
84	6	30
85	7	393
86	1	483
87	2	242
88	3	366
89	4	266
90	5	290
91	6	60
92	1	266
93	2	151
94	3	282
95	4	266
96	5	242
97	6	30
99	1	266
100	2	332
101	3	225
102	4	111
103	5	266
104	6	272
105	7	209
107	4	354
108	5	362
109	6	30
110	1	483
111	2	513
112	3	254
113	4	177
114	5	314
117	1	435
118	2	362
119	3	197
120	4	133
121	5	290
123	1	338
124	2	332
125	3	395
126	4	266
127	5	217
128	6	30
129	1	290
130	2	242
131	3	254
132	4	221
133	5	121
134	6	30
136	1	507
137	2	211
138	3	113
139	4	288
140	5	169
141	6	181
142	7	79
144	4	332
145	5	314
147	7	26
148	1	338
149	2	513
150	3	169
151	4	66
152	5	193
155	1	386
156	2	332
157	3	254
158	4	177
159	5	169
161	1	217
162	2	242
163	3	85
164	4	221
165	5	169
168	1	242
169	2	211
170	3	197
171	4	44
172	5	193
173	6	30
175	1	217
176	2	302
177	3	197
178	4	199
179	5	193
182	1	266
183	2	121
184	3	225
185	4	22
186	5	121
188	1	242
189	2	121
190	3	254
191	4	221
192	5	169
194	1	290
195	2	242
196	3	169
197	4	133
198	5	121
200	1	314
201	2	242
202	3	310
203	4	66
204	5	72
205	6	30
206	1	290
207	2	272
208	3	169
209	4	199
210	5	217
211	6	30
213	1	242
214	2	242
215	3	169
216	4	221
217	5	72
219	7	26
220	1	72
221	2	332
222	3	169
223	4	89
224	5	97
225	6	60
226	1	193
227	2	181
228	3	169
229	4	155
230	5	121
232	1	121
233	2	211
234	3	310
237	7	157
238	1	362
239	2	302
240	3	197
241	4	332
242	5	266
243	6	30
244	7	236
245	1	169
250	2	574
251	3	254
252	4	155
253	5	217
254	6	242
256	1	362
257	2	302
258	3	338
259	4	66
260	5	290
262	1	338
263	2	332
264	3	282
265	4	155
266	5	169
268	1	266
269	2	272
270	3	310
271	4	155
272	5	193
274	1	386
275	2	181
276	3	169
277	4	199
278	5	217
280	1	242
281	2	302
282	3	338
283	4	221
284	5	242
285	6	30
286	1	290
287	2	393
288	3	225
289	4	66
290	5	242
291	6	60
293	1	411
294	2	211
295	3	225
296	4	133
297	5	266
298	6	91
299	1	217
300	2	453
301	3	338
302	4	244
303	5	290
305	1	483
306	2	211
307	3	479
308	4	354
309	5	145
310	6	91
311	1	290
312	2	272
313	3	310
314	4	221
315	5	217
316	6	30
317	1	338
318	2	181
319	3	310
320	4	221
321	5	266
323	1	362
324	2	181
325	4	794
326	5	609
327	6	29
328	1	656
329	2	849
330	3	547
331	4	408
332	5	492
333	6	88
334	1	398
335	2	644
336	3	219
337	4	494
338	5	609
340	1	539
341	2	468
342	3	547
343	4	172
344	5	703
345	6	146
346	7	178
347	1	1124
348	2	556
349	3	191
350	4	21
353	5	843
354	6	703
356	1	984
357	2	908
358	3	574
359	4	236
360	5	492
361	6	88
363	1	234
364	2	264
365	3	492
366	4	322
367	5	468
368	6	29
370	1	586
371	2	586
372	3	465
373	4	279
374	5	234
375	6	59
377	1	820
378	2	615
379	3	465
380	4	301
381	5	141
382	6	146
383	1	445
384	2	498
385	3	164
386	4	279
387	5	211
388	6	59
389	1	375
390	2	586
391	3	465
392	4	215
393	5	351
394	6	59
395	1	351
396	2	556
397	3	492
398	4	236
399	5	351
401	7	25
402	1	351
403	2	468
404	3	219
405	4	215
406	5	211
410	2	556
411	3	383
412	4	279
413	5	141
414	6	29
415	1	398
416	2	176
417	3	410
418	4	150
419	5	211
420	6	59
422	1	492
423	2	586
424	3	246
425	4	86
426	5	258
427	6	29
428	1	351
429	2	439
430	3	246
433	7	431
434	1	141
435	2	410
436	3	273
437	4	193
438	5	211
439	6	88
440	1	281
441	2	205
442	3	164
443	4	258
444	5	305
445	6	88
447	1	305
448	2	264
449	3	137
450	4	236
451	5	305
453	1	211
454	2	264
455	3	164
456	4	86
457	5	281
458	6	29
459	7	25
460	2	410
461	3	273
462	4	193
463	5	281
466	1	351
467	2	146
468	3	246
469	4	215
470	5	187
472	1	305
473	2	264
474	3	328
475	4	236
476	5	328
477	6	29
478	1	328
479	2	234
480	3	219
481	4	193
482	5	328
483	6	59
484	1	164
485	2	468
486	3	301
487	4	301
488	5	422
490	1	422
491	2	351
492	3	328
493	4	107
494	5	234
495	6	29
496	1	398
497	2	322
498	3	492
499	4	215
500	5	351
502	1	258
503	2	264
504	3	137
505	4	301
506	5	117
508	1	281
509	2	117
510	3	273
511	4	215
512	5	258
513	6	29
514	1	211
515	2	410
516	3	246
517	4	150
518	5	141
520	1	305
521	2	264
522	3	219
523	4	193
524	5	117
526	1	351
527	2	234
528	3	219
529	4	236
530	5	94
533	1	351
534	2	264
535	3	55
536	4	193
537	5	211
538	6	59
539	1	398
540	2	322
541	3	137
542	4	279
543	5	328
544	6	59
545	2	468
546	3	273
547	4	279
548	5	305
549	6	29
550	1	351
551	2	381
552	3	137
553	4	215
554	5	398
556	1	492
557	2	322
558	3	355
559	4	107
560	5	211
561	6	59
562	7	76
563	1	609
564	2	556
565	3	27
568	3	765
569	4	344
570	5	351
571	6	205
573	1	468
574	2	381
575	3	465
576	4	258
577	5	281
578	6	29
579	1	234
580	2	88
581	3	246
582	4	172
583	5	70
584	6	29
585	1	351
586	2	234
587	3	355
588	4	344
589	5	141
591	1	305
592	2	176
593	3	519
594	4	150
595	5	281
596	6	88
597	1	305
598	2	293
599	3	301
600	4	107
601	5	258
602	6	29
604	1	234
605	2	205
606	3	191
607	4	258
608	5	234
609	6	29
610	1	281
611	2	410
612	3	273
613	4	193
614	5	211
615	6	88
616	1	375
617	2	293
618	3	301
619	4	193
620	5	305
622	1	258
623	2	410
624	3	246
625	4	215
626	5	94
628	1	422
629	2	322
630	3	328
631	4	150
632	5	117
634	1	492
635	2	527
636	3	301
637	4	107
638	5	258
640	7	25
641	1	234
642	2	176
643	3	711
645	7	944
646	1	897
647	2	1025
648	3	359
649	4	986
650	5	640
651	6	96
652	1	666
653	2	705
654	3	359
655	4	305
656	5	436
657	6	64
659	1	461
660	2	352
661	3	448
662	4	235
663	5	487
664	6	128
666	1	461
667	2	384
668	3	717
669	4	564
670	5	436
671	6	32
672	1	666
673	2	737
674	3	747
675	4	517
676	5	333
677	6	64
678	1	512
679	2	640
680	3	658
681	4	540
682	5	640
683	6	192
684	7	278
685	1	743
686	2	352
688	3	568
689	4	752
690	5	692
691	6	448
692	1	1153
693	2	833
694	3	329
695	4	282
696	5	359
697	6	32
698	1	487
699	2	448
700	3	269
701	4	376
702	5	154
704	1	794
705	2	640
706	3	389
707	4	329
708	5	333
709	6	160
710	1	384
711	2	384
712	3	478
713	4	211
714	5	205
715	6	64
716	1	410
717	2	384
718	3	209
719	4	258
720	5	256
723	2	608
724	3	389
725	4	211
726	5	384
727	6	32
729	1	461
730	2	352
731	3	239
732	4	188
733	5	282
734	6	128
735	1	512
736	2	512
737	3	299
738	4	164
739	5	307
740	6	64
741	1	307
742	2	480
743	3	478
744	4	305
746	1	564
747	2	416
748	3	508
749	4	423
750	5	256
751	6	96
752	1	461
753	2	480
754	3	359
755	4	399
756	5	179
757	6	32
758	1	384
759	2	416
760	3	299
761	4	305
762	5	461
763	6	128
764	1	282
765	2	256
766	3	239
767	4	258
768	5	205
770	1	333
771	2	480
772	3	299
773	4	164
774	5	179
775	6	32
776	1	487
777	2	320
778	3	329
779	4	470
780	5	256
781	6	128
782	1	256
783	2	416
784	3	299
785	4	352
786	5	384
788	2	480
789	3	209
790	4	188
791	5	512
792	6	96
793	1	384
794	2	96
795	3	149
796	4	376
797	5	282
798	6	64
799	1	436
800	2	480
801	3	389
802	4	188
803	5	359
804	6	64
805	1	384
806	2	480
807	3	329
808	4	188
809	5	359
810	6	32
811	1	333
812	2	416
813	3	389
814	4	258
815	5	282
817	1	282
818	2	384
819	3	329
820	4	70
821	5	179
822	6	32
823	1	436
824	2	608
825	3	448
826	4	258
827	5	282
829	1	333
830	2	224
831	3	418
832	4	376
833	5	410
834	6	160
835	1	333
836	2	448
837	3	329
838	4	70
839	5	205
840	6	64
842	1	333
843	2	256
844	3	179
845	4	258
846	5	205
847	6	64
849	1	384
850	2	320
851	3	149
853	7	500
854	1	205
855	2	352
856	3	149
857	4	211
858	5	282
859	6	32
860	1	307
861	2	448
862	3	299
863	4	211
864	5	231
865	6	64
866	1	256
867	2	384
868	3	568
869	4	258
870	5	359
872	1	333
873	2	640
874	3	329
878	4	540
879	5	615
880	6	416
881	1	256
882	2	705
883	3	269
884	4	235
885	5	205
886	6	32
887	7	28
888	1	410
889	2	448
890	3	359
891	4	211
892	5	282
894	1	307
895	2	128
896	3	90
897	4	164
898	5	231
899	6	32
900	1	564
901	2	352
902	3	149
903	4	141
904	5	256
905	6	96
907	1	359
908	2	320
909	3	448
910	4	211
911	5	231
912	6	128
913	1	436
914	2	256
915	3	299
916	4	423
917	5	231
918	6	32
919	1	256
920	2	224
921	3	359
922	4	258
923	5	282
924	6	32
925	1	743
926	2	416
927	3	508
928	4	235
929	5	307
930	6	96
931	1	538
932	2	384
933	3	478
934	4	258
935	5	307
936	6	128
937	1	333
938	2	288
939	3	568
940	4	235
941	5	384
942	6	64
943	1	307
944	2	448
945	3	389
946	4	235
947	5	436
948	6	256
950	1	384
951	2	256
952	3	389
953	4	117
955	6	33
956	1	1133
957	2	1219
958	3	676
959	4	556
960	5	501
961	6	66
962	1	975
963	2	659
964	3	584
965	4	193
966	5	290
967	6	132
968	1	501
969	2	659
970	3	400
971	4	435
972	5	290
974	1	501
975	2	659
976	3	461
977	4	483
978	5	606
979	6	66
980	1	685
981	2	1021
982	3	553
983	4	580
984	5	1028
985	6	264
986	4	24
987	7	657
988	1	553
989	2	856
990	3	523
991	4	821
992	5	764
993	6	231
994	1	474
995	2	692
996	3	676
997	4	314
998	5	237
999	6	165
1000	1	474
1001	2	428
1002	3	400
1003	4	193
1004	5	422
1005	6	66
1006	1	264
1007	2	494
1008	3	400
1009	4	266
1010	5	211
1011	6	66
1012	1	316
1013	2	593
1014	3	338
1015	4	386
1016	5	343
1017	6	99
1018	1	290
1019	2	231
1020	3	338
1021	4	242
1022	5	395
1023	6	165
1024	1	422
1025	2	593
1026	3	523
1027	4	386
1028	5	316
1029	6	33
1030	2	560
1031	3	277
1032	4	242
