3	773
4	1057
5	759
6	725
7	1298
8	648
9	554
10	459
12	725
13	574
14	507
15	598
16	411
17	30
19	918
20	664
21	366
22	332
23	556
24	30
25	725
26	483
27	451
28	266
29	676
30	121
32	942
33	966
34	705
35	686
36	97
39	574
40	785
41	725
42	604
43	676
44	664
45	459
46	91
47	580
48	513
49	507
50	332
51	386
52	60
53	628
54	393
55	395
56	310
57	314
60	266
61	393
62	535
63	310
64	242
65	60
66	362
67	423
68	310
69	221
70	193
71	60
72	338
73	453
74	254
75	310
76	242
77	91
79	121
80	423
81	338
82	44
84	30
85	393
86	483
87	242
88	366
89	266
90	290
91	60
92	266
93	151
94	282
95	266
96	242
97	30
99	266
100	332
101	225
102	111
103	266
104	272
105	209
107	354
108	362
109	30
110	483
111	513
112	254
113	177
114	314
117	435
118	362
119	197
120	133
121	290
123	338
124	332
125	395
126	266
127	217
128	30
129	290
130	242
131	254
132	221
133	121
134	30
136	507
137	211
138	113
139	288
140	169
141	181
142	79
144	332
145	314
147	26
148	338
149	513
150	169
151	66
152	193
155	386
156	332
157	254
158	177
159	169
161	217
162	242
163	85
164	221
165	169
168	242
169	211
170	197
171	44
172	193
173	30
175	217
176	302
177	197
178	199
179	193
182	266
183	121
184	225
185	22
186	121
188	242
189	121
190	254
191	221
192	169
194	290
195	242
196	169
197	133
198	121
200	314
201	242
202	310
203	66
204	72
205	30
206	290
207	272
208	169
209	199
210	217
211	30
213	242
214	242
215	169
216	221
217	72
219	26
220	72
221	332
222	169
223	89
224	97
225	60
226	193
227	181
228	169
229	155
230	121
232	121
233	211
234	310
237	157
238	362
239	302
240	197
241	332
242	266
243	30
244	236
245	169
250	574
251	254
252	155
253	217
254	242
256	362
257	302
258	338
259	66
260	290
262	338
263	332
264	282
265	155
266	169
268	266
269	272
270	310
271	155
272	193
274	386
275	181
276	169
277	199
278	217
280	242
281	302
282	338
283	221
284	242
285	30
286	290
287	393
288	225
289	66
290	242
291	60
293	411
294	211
295	225
296	133
297	266
298	91
299	217
300	453
301	338
302	244
303	290
305	483
306	211
307	479
308	354
309	145
310	91
311	290
312	272
313	310
314	221
315	217
316	30
317	338
318	181
319	310
320	221
321	266
323	362
324	181
325	794
326	609
327	29
328	656
329	849
330	547
331	408
332	492
333	88
334	398
335	644
336	219
337	494
338	609
340	539
341	468
342	547
343	172
344	703
345	146
346	178
347	1124
348	556
349	191
350	21
353	843
354	703
356	984
357	908
358	574
359	236
360	492
361	88
363	234
364	264
365	492
366	322
367	468
368	29
370	586
371	586
372	465
373	279
374	234
375	59
377	820
378	615
379	465
380	301
381	141
382	146
383	445
384	498
385	164
386	279
387	211
388	59
389	375
390	586
391	465
392	215
393	351
394	59
395	351
396	556
397	492
398	236
399	351
401	25
402	351
403	468
404	219
405	215
406	211
410	556
411	383
412	279
413	141
414	29
415	398
416	176
417	410
418	150
419	211
420	59
422	492
423	586
424	246
425	86
426	258
427	29
428	351
429	439
430	246
433	431
434	141
435	410
436	273
437	193
438	211
439	88
440	281
441	205
442	164
443	258
444	305
445	88
447	305
448	264
449	137
450	236
451	305
453	211
454	264
455	164
456	86
457	281
458	29
459	25
460	410
461	273
462	193
463	281
466	351
467	146
468	246
469	215
470	187
472	305
473	264
474	328
475	236
476	328
477	29
478	328
479	234
480	219
481	193
482	328
483	59
484	164
485	468
486	301
487	301
488	422
490	422
491	351
492	328
493	107
494	234
495	29
496	398
497	322
498	492
499	215
500	351
502	258
503	264
504	137
505	301
506	117
508	281
509	117
510	273
511	215
512	258
513	29
514	211
515	410
516	246
517	150
518	141
520	305
521	264
522	219
523	193
524	117
526	351
527	234
528	219
529	236
530	94
533	351
534	264
535	55
536	193
537	211
538	59
539	398
540	322
541	137
542	279
543	328
544	59
545	468
546	273
547	279
548	305
549	29
550	351
551	381
552	137
553	215
554	398
556	492
557	322
558	355
559	107
560	211
561	59
562	76
563	609
564	556
565	27
568	765
569	344
570	351
571	205
573	468
574	381
575	465
576	258
577	281
578	29
579	234
580	88
581	246
582	172
583	70
584	29
585	351
586	234
587	355
588	344
589	141
591	305
592	176
593	519
594	150
595	281
596	88
597	305
598	293
599	301
600	107
601	258
602	29
604	234
605	205
606	191
607	258
608	234
609	29
610	281
611	410
612	273
613	193
614	211
615	88
616	375
617	293
618	301
619	193
620	305
622	258
623	410
624	246
625	215
626	94
628	422
629	322
630	328
631	150
632	117
634	492
635	527
636	301
637	107
638	258
640	25
641	234
642	176
643	711
645	944
646	897
647	1025
648	359
649	986
650	640
651	96
652	666
653	705
654	359
655	305
656	436
657	64
659	461
660	352
661	448
662	235
663	487
664	128
666	461
667	384
668	717
669	564
670	436
671	32
672	666
673	737
674	747
675	517
676	333
677	64
678	512
679	640
680	658
681	540
682	640
683	192
684	278
685	743
686	352
688	568
689	752
690	692
691	448
692	1153
693	833
694	329
695	282
696	359
697	32
698	487
699	448
700	269
701	376
702	154
704	794
705	640
706	389
707	329
708	333
709	160
710	384
711	384
712	478
713	211
714	205
715	64
716	410
717	384
718	209
719	258
720	256
723	608
724	389
725	211
726	384
727	32
729	461
730	352
731	239
732	188
733	282
734	128
735	512
736	512
737	299
738	164
739	307
740	64
741	307
742	480
743	478
744	305
746	564
747	416
748	508
749	423
750	256
751	96
752	461
753	480
754	359
755	399
756	179
757	32
758	384
759	416
760	299
761	305
762	461
763	128
764	282
765	256
766	239
767	258
768	205
770	333
771	480
772	299
773	164
774	179
775	32
776	487
777	320
778	329
779	470
780	256
781	128
782	256
783	416
784	299
785	352
786	384
788	480
789	209
790	188
791	512
792	96
793	384
794	96
795	149
796	376
797	282
798	64
799	436
800	480
801	389
802	188
803	359
804	64
805	384
806	480
807	329
808	188
809	359
810	32
811	333
812	416
813	389
814	258
815	282
817	282
818	384
819	329
820	70
821	179
822	32
823	436
824	608
825	448
826	258
827	282
829	333
830	224
831	418
832	376
833	410
834	160
835	333
836	448
837	329
838	70
839	205
840	64
842	333
843	256
844	179
845	258
846	205
847	64
849	384
850	320
851	149
853	500
854	205
855	352
856	149
857	211
858	282
859	32
860	307
861	448
862	299
863	211
864	231
865	64
866	256
867	384
868	568
869	258
870	359
872	333
873	640
874	329
878	540
879	615
880	416
881	256
882	705
883	269
884	235
885	205
886	32
887	28
888	410
889	448
890	359
891	211
892	282
894	307
895	128
896	90
897	164
898	231
899	32
900	564
901	352
902	149
903	141
904	256
905	96
907	359
908	320
909	448
910	211
911	231
912	128
913	436
914	256
915	299
916	423
917	231
918	32
919	256
920	224
921	359
922	258
923	282
924	32
925	743
926	416
927	508
928	235
929	307
930	96
931	538
932	384
933	478
934	258
935	307
936	128
937	333
938	288
939	568
940	235
941	384
942	64
943	307
944	448
945	389
946	235
947	436
948	256
950	384
951	256
952	389
953	117
955	33
956	1133
957	1219
958	676
959	556
960	501
961	66
962	975
963	659
964	584
965	193
966	290
967	132
968	501
969	659
970	400
971	435
972	290
974	501
975	659
976	461
977	483
978	606
979	66
980	685
981	1021
982	553
983	580
984	1028
985	264
986	24
987	657
988	553
989	856
990	523
991	821
992	764
993	231
994	474
995	692
996	676
997	314
998	237
999	165
1000	474
1001	428
1002	400
1003	193
1004	422
1005	66
1006	264
1007	494
1008	400
1009	266
1010	211
1011	66
1012	316
1013	593
1014	338
1015	386
1016	343
1017	99
1018	290
1019	231
1020	338
1021	242
1022	395
1023	165
1024	422
1025	593
1026	523
1027	386
1028	316
1029	33
1030	560
1031	277
1032	242
