1	3	20
2	4	16
3	5	1411
4	6	1176
5	7	812
6	1	889
7	2	893
8	3	569
9	4	623
10	5	470
11	6	87
12	1	575
13	2	544
14	3	305
15	4	735
16	5	627
17	6	65
19	1	819
20	2	610
21	3	447
22	4	447
23	5	192
24	6	22
25	1	767
26	2	697
27	3	508
28	4	224
29	5	523
30	6	44
32	1	802
33	2	871
34	3	976
35	4	479
36	5	174
39	6	762
40	7	812
41	1	488
42	2	348
43	3	468
44	4	351
45	5	418
47	1	592
48	2	436
49	3	590
50	4	208
51	5	314
53	1	401
54	2	544
55	3	468
56	4	335
57	5	261
58	6	44
59	7	19
60	1	732
61	2	436
62	3	407
63	4	303
64	5	261
66	1	470
67	2	457
68	3	346
69	4	367
70	5	418
71	6	44
72	1	401
73	2	479
74	3	305
75	4	240
76	5	227
77	6	22
79	1	157
80	2	501
81	3	366
82	4	16
83	5	17
85	7	415
86	1	453
87	2	327
88	3	264
89	4	112
90	5	279
92	1	488
93	2	523
94	3	346
95	4	367
96	5	314
97	6	22
99	1	540
100	2	261
101	3	244
102	4	319
103	5	314
104	6	131
105	7	245
106	1	35
107	4	607
108	5	488
110	1	488
111	2	544
112	3	468
113	4	303
114	5	261
115	6	22
117	1	348
118	2	414
119	3	346
120	4	176
121	5	505
122	6	22
123	1	366
124	2	370
125	3	488
126	4	176
127	5	174
129	1	401
130	2	436
131	3	183
132	4	240
133	5	314
136	1	418
137	2	544
138	3	468
139	4	303
140	5	192
141	6	218
142	7	170
143	1	17
144	4	527
145	5	261
146	6	65
148	1	401
149	2	305
150	3	244
151	4	240
152	5	244
155	1	418
156	2	653
157	3	122
158	4	208
159	5	348
161	1	418
162	2	348
163	3	366
164	4	224
165	5	331
166	6	65
168	1	436
169	2	283
170	3	325
171	4	128
172	5	261
173	6	22
175	1	418
176	2	305
177	3	264
178	4	144
179	5	331
180	6	22
182	1	261
183	2	544
184	3	163
185	4	96
186	5	192
188	1	331
189	2	370
190	3	244
191	4	240
192	5	418
193	6	65
194	1	296
195	2	436
196	3	264
197	4	176
198	5	139
200	1	418
201	2	218
202	3	264
203	4	160
204	5	105
205	6	44
206	1	505
207	2	414
208	3	41
209	4	208
210	5	296
211	6	44
213	1	610
214	2	392
215	3	264
216	4	224
217	5	227
218	6	22
220	1	418
221	2	501
222	3	346
223	4	240
224	5	244
225	6	109
226	1	470
227	2	501
228	3	325
229	4	447
230	5	314
232	1	418
233	2	479
234	3	386
235	4	16
237	7	547
238	1	383
239	2	523
240	3	508
241	4	335
242	5	314
243	6	44
244	7	321
245	1	366
247	5	17
249	7	19
250	2	1111
251	3	630
252	4	479
253	5	348
254	6	305
255	7	19
256	1	488
257	2	784
258	3	650
259	4	192
260	5	366
261	6	44
262	1	558
263	2	871
264	3	386
265	4	335
266	5	453
267	6	44
268	1	558
269	2	501
270	3	305
271	4	335
272	5	540
273	6	44
274	1	592
275	2	479
276	3	386
277	4	287
278	5	540
279	6	65
280	1	470
281	2	784
282	3	447
283	4	160
284	5	523
285	6	65
286	1	523
287	2	261
288	3	305
289	4	176
290	5	383
291	6	22
293	1	453
294	2	675
295	3	488
296	4	351
297	5	418
298	6	65
299	1	505
300	2	588
301	3	508
302	4	192
303	5	227
304	6	131
305	1	453
306	2	544
307	3	447
308	4	272
309	5	366
310	6	65
311	1	592
312	2	436
313	3	630
314	4	351
315	5	488
316	6	44
317	1	401
318	2	457
319	3	366
320	4	256
321	5	366
322	6	109
323	1	383
324	2	327
325	4	1084
326	5	1453
327	6	232
328	1	1436
329	2	993
330	3	1064
331	4	635
332	5	828
333	6	127
334	1	777
335	2	739
336	3	611
337	4	743
338	5	541
339	6	106
340	1	912
341	2	739
342	3	966
343	4	589
344	5	794
345	6	42
346	7	311
347	1	895
348	2	1119
349	3	394
350	4	77
353	5	1081
354	6	993
356	1	1064
357	2	824
358	3	769
359	4	589
360	5	406
361	6	42
362	7	18
363	1	760
364	2	824
365	3	591
366	4	387
367	5	507
368	6	63
370	1	558
371	2	972
372	3	670
373	4	480
374	5	389
375	6	21
377	1	558
378	2	803
379	3	513
380	4	387
381	5	304
382	6	127
383	1	541
384	2	549
385	3	591
386	4	387
387	5	338
388	6	63
389	1	625
390	2	824
391	3	434
392	4	232
393	5	372
394	6	42
395	1	473
396	2	528
397	3	828
398	4	263
399	5	558
400	6	42
402	1	406
403	2	380
404	3	611
405	4	465
406	5	287
409	1	34
410	2	781
411	3	710
412	4	356
413	5	338
414	6	21
415	1	439
416	2	444
417	3	355
418	4	449
419	5	456
420	6	84
422	1	541
423	2	824
424	3	355
425	4	356
426	5	693
427	6	21
428	1	473
429	2	465
430	3	355
433	7	842
434	1	524
435	2	655
436	3	552
437	4	527
438	5	270
440	1	372
441	2	570
442	3	335
443	4	248
444	5	389
445	6	21
446	7	18
447	1	574
448	2	465
449	3	197
450	4	248
451	5	321
453	1	456
454	2	380
455	3	177
456	4	248
457	5	270
458	6	84
460	2	697
461	3	434
462	4	279
463	5	507
464	6	42
466	1	439
467	2	275
468	3	197
469	4	341
470	5	287
471	6	106
472	1	507
473	2	507
474	3	375
475	4	217
476	5	439
477	6	21
478	1	439
479	2	612
480	3	532
481	4	356
482	5	253
483	6	42
484	1	372
485	2	718
486	3	493
487	4	294
488	5	304
489	6	21
490	1	355
491	2	549
492	3	414
493	4	170
494	5	372
496	1	287
497	2	380
498	3	276
499	4	341
500	5	321
501	6	21
502	1	203
503	2	317
504	3	394
505	4	387
506	5	237
508	1	270
509	2	422
510	3	237
511	4	279
512	5	338
514	1	524
515	2	507
516	3	276
517	4	170
518	5	406
519	6	84
520	1	422
521	2	338
522	3	315
523	4	201
524	5	220
525	6	63
526	1	422
527	2	338
528	3	572
529	4	403
530	5	203
531	6	127
533	1	338
534	2	380
535	3	217
536	4	263
537	5	406
538	6	21
539	1	676
540	2	655
541	3	473
542	4	232
543	5	406
544	6	21
545	2	570
546	3	473
547	4	294
548	5	355
549	6	84
550	1	439
551	2	528
552	3	217
553	4	232
554	5	406
555	6	84
556	1	507
557	2	549
558	3	355
559	4	310
560	5	355
561	6	63
562	7	128
563	1	490
564	2	570
565	3	20
568	3	848
569	4	558
570	5	473
571	6	380
573	1	743
574	2	486
575	3	532
576	4	310
577	5	237
578	6	21
579	1	338
580	2	528
581	3	453
582	4	170
583	5	304
584	6	42
585	1	355
586	2	655
587	3	296
588	4	341
589	5	270
591	1	507
592	2	465
593	3	276
594	4	325
595	5	338
596	6	21
597	1	372
598	2	422
599	3	414
600	4	217
601	5	338
602	6	42
604	1	574
605	2	528
606	3	315
607	4	279
608	5	253
609	6	42
610	1	372
611	2	486
612	3	375
613	4	279
614	5	237
615	6	63
616	1	507
617	2	486
618	3	473
619	4	356
620	5	220
621	6	42
622	1	490
623	2	739
624	3	473
625	4	310
626	5	574
627	6	21
628	1	422
629	2	422
630	3	434
631	4	279
632	5	287
633	6	21
634	1	253
635	2	612
636	3	473
637	4	155
638	5	321
639	6	84
641	1	507
642	2	275
643	3	158
644	4	17
645	7	1642
646	1	1312
647	2	2102
648	3	992
649	4	1254
650	5	758
651	6	439
652	1	795
653	2	1132
654	3	539
655	4	695
656	5	832
657	6	69
659	1	573
660	2	716
661	3	862
662	4	559
663	5	591
664	6	116
666	1	462
667	2	693
668	3	625
669	4	745
670	5	573
671	6	46
672	1	776
673	2	762
674	3	1035
675	4	576
676	5	665
677	6	69
678	1	906
679	2	1363
680	3	884
681	4	762
682	5	813
683	6	162
684	7	440
685	1	1423
686	2	485
687	2	23
688	3	970
689	4	932
690	5	702
691	6	416
692	1	758
693	2	855
694	3	431
695	4	356
696	5	388
697	6	139
698	1	351
699	2	624
700	3	345
701	4	390
702	5	444
703	6	69
704	1	573
705	2	693
706	3	798
707	4	288
708	5	573
709	6	208
710	1	758
711	2	785
712	3	582
713	4	407
714	5	684
715	6	116
716	1	536
717	2	531
718	3	496
719	4	373
720	5	444
723	2	1086
724	3	819
725	4	271
726	5	407
727	6	46
728	7	20
729	1	462
730	2	462
731	3	259
732	4	356
733	5	240
734	6	46
735	1	536
736	2	924
737	3	410
738	4	220
739	5	296
740	6	46
741	1	480
742	2	716
743	3	453
744	4	390
746	1	610
747	2	485
748	3	711
749	4	407
750	5	554
751	6	46
752	1	462
753	2	647
754	3	367
755	4	322
756	5	277
757	6	92
758	1	610
759	2	601
760	3	431
761	4	237
762	5	296
763	6	139
764	1	333
765	2	508
766	3	323
767	4	186
768	5	425
769	6	23
770	1	407
771	2	439
772	3	388
773	4	288
774	5	222
775	6	46
776	1	407
777	2	439
778	3	302
779	4	203
780	5	314
781	6	46
782	1	333
783	2	485
784	3	216
785	4	136
786	5	240
788	2	647
789	3	388
790	4	152
791	5	425
792	6	23
793	1	407
794	2	393
795	3	496
796	4	152
797	5	222
798	6	139
799	1	296
800	2	670
801	3	431
802	4	186
803	5	240
804	6	69
805	1	425
806	2	485
807	3	302
808	4	220
809	5	296
811	1	185
812	2	508
813	3	345
814	4	186
815	5	259
817	1	166
818	2	416
819	3	259
820	4	237
821	5	185
822	6	69
823	1	499
824	2	739
825	3	280
826	4	322
827	5	259
828	6	46
829	1	203
830	2	208
831	3	388
832	4	254
833	5	351
834	6	23
835	1	370
836	2	393
837	3	367
838	4	254
839	5	296
840	6	46
842	1	444
843	2	578
844	3	280
845	4	186
846	5	166
847	6	46
848	7	20
849	1	499
850	2	462
851	3	496
853	7	501
854	1	388
855	2	462
856	3	323
857	4	407
858	5	314
859	6	69
860	1	388
861	2	508
862	3	259
863	4	68
864	5	388
865	6	23
866	1	425
867	2	485
868	3	496
869	4	203
870	5	425
872	1	591
873	2	462
874	3	517
878	4	711
879	5	499
880	6	462
881	1	462
882	2	901
883	3	474
884	4	508
885	5	277
886	6	69
888	1	462
889	2	716
890	3	517
891	4	525
892	5	407
893	6	69
894	1	573
895	2	462
896	3	474
897	4	102
898	5	296
900	1	277
901	2	624
902	3	410
903	4	356
904	5	259
905	6	46
907	1	425
908	2	508
909	3	388
910	4	322
911	5	222
912	6	69
913	1	351
914	2	531
915	3	410
916	4	203
917	5	388
918	6	139
919	1	462
920	2	254
921	3	302
922	4	390
923	5	370
924	6	69
925	1	610
926	2	462
927	3	280
928	4	339
929	5	351
930	6	116
931	1	628
932	2	323
933	3	668
934	4	390
935	5	370
936	6	92
937	1	314
938	2	554
939	3	388
940	4	305
941	5	554
942	6	116
943	1	388
944	2	878
945	3	1056
946	4	457
947	5	647
948	6	254
950	1	924
951	2	601
952	3	561
953	4	203
954	5	19
956	1	1178
957	2	1616
958	3	954
959	4	453
960	5	893
961	6	261
962	1	722
963	2	832
964	3	665
965	4	418
966	5	570
967	6	95
968	1	684
969	2	642
970	3	488
971	4	523
972	5	456
973	6	119
974	1	665
975	2	689
976	3	865
977	4	488
978	5	760
979	6	214
980	1	1121
981	2	1212
982	3	931
983	4	645
984	5	855
985	6	356
987	7	680
988	1	874
989	2	1331
990	3	931
991	4	627
992	5	551
993	6	261
994	1	836
995	2	927
996	3	466
997	4	436
998	5	684
999	6	119
1000	1	703
1001	2	475
1002	3	510
1003	4	331
1004	5	494
1005	6	95
1006	1	551
1007	2	737
1008	3	510
1009	4	627
1010	5	399
1011	6	214
1012	1	798
1013	2	689
1014	3	665
1015	4	366
1016	5	494
1017	6	143
1018	1	798
1019	2	760
1020	3	621
1021	4	436
1022	5	570
1023	6	71
1024	1	931
1025	2	903
1026	3	577
1027	4	331
1028	5	627
1029	6	24
1030	2	808
1031	3	732
1032	4	436
