3	5	811
4	6	824
5	7	549
6	1	545
7	2	618
8	3	532
9	4	441
10	5	418
11	6	32
12	1	393
13	2	412
14	3	384
15	4	1824
16	5	570
17	6	95
19	1	646
20	2	380
21	3	473
22	4	372
23	5	304
24	6	48
25	1	532
26	2	523
27	3	577
28	4	186
29	5	456
30	6	63
32	1	659
33	2	602
34	3	532
35	4	430
36	5	177
38	5	13
39	6	364
40	7	343
41	1	304
42	2	238
43	3	562
44	4	290
45	5	279
46	6	16
47	1	304
48	2	396
49	3	310
50	4	232
51	5	342
53	1	266
54	2	206
55	3	266
56	4	244
57	5	228
58	6	32
60	1	329
61	2	253
62	3	237
63	4	314
64	5	342
66	1	317
67	2	380
68	3	399
69	4	348
70	5	342
71	6	16
72	1	291
73	2	285
74	3	444
75	4	232
76	5	444
77	6	32
79	1	215
80	2	507
81	3	429
83	5	13
85	7	398
86	1	329
87	2	348
88	3	325
89	4	360
90	5	355
91	6	32
92	1	469
93	2	253
94	3	429
95	4	337
96	5	291
97	6	32
98	7	14
99	1	444
100	2	364
101	3	296
102	4	232
103	5	317
104	6	539
105	7	206
106	1	38
107	4	337
108	5	393
109	6	48
110	1	431
111	2	380
112	3	355
113	4	163
114	5	482
115	6	48
117	1	659
118	2	459
119	3	547
120	4	244
121	5	380
122	6	16
123	1	444
124	2	570
125	3	2070
126	4	953
127	5	710
128	6	32
129	1	393
130	2	412
131	3	414
132	4	290
133	5	203
134	6	32
135	7	14
136	1	355
137	2	348
138	3	340
139	4	430
140	5	279
141	6	317
142	7	357
143	1	51
144	4	430
145	5	329
146	6	32
148	1	393
149	2	475
150	3	399
151	4	244
152	5	342
153	6	32
154	7	14
155	1	241
156	2	412
157	3	399
158	4	256
159	5	329
160	6	79
161	1	228
162	2	428
163	3	621
164	4	372
165	5	317
166	6	16
167	7	14
168	1	418
169	2	333
170	3	207
171	4	256
172	5	482
173	6	16
175	1	545
176	2	396
177	3	340
178	4	314
179	5	291
180	6	79
181	7	14
182	1	558
183	2	380
184	3	325
185	4	337
186	5	203
187	6	16
188	1	469
189	2	507
190	3	325
191	4	348
192	5	469
193	6	16
194	1	494
195	2	444
196	3	296
197	4	279
198	5	266
200	1	444
201	2	444
202	3	473
203	4	256
204	5	304
205	6	79
206	1	760
207	2	475
208	3	370
209	4	267
210	5	393
211	6	48
212	7	14
213	1	418
214	2	554
215	3	370
216	4	221
217	5	253
220	1	406
221	2	364
222	3	310
223	4	186
224	5	355
225	6	48
226	1	520
227	2	475
228	3	207
229	4	488
230	5	367
231	6	32
232	1	684
233	2	348
234	3	577
235	4	12
236	5	13
237	7	645
238	1	456
239	2	412
240	3	340
241	4	372
242	5	279
243	6	63
244	7	577
245	1	532
246	3	44
248	6	16
250	2	649
251	3	458
252	4	441
253	5	253
254	6	317
256	1	393
257	2	507
258	3	606
259	4	337
260	5	355
261	6	48
262	1	304
263	2	348
264	3	251
265	4	314
266	5	291
267	6	95
268	1	418
269	2	444
270	3	325
271	4	279
272	5	127
273	6	32
274	1	329
275	2	380
276	3	251
277	4	174
278	5	317
279	6	63
280	1	355
281	2	523
282	3	414
283	4	232
284	5	304
285	6	48
286	1	367
287	2	491
288	3	310
289	4	314
290	5	406
291	6	32
293	1	482
294	2	444
295	3	384
296	4	209
297	5	393
298	6	127
299	1	355
300	2	301
301	3	384
302	4	221
303	5	367
304	6	63
305	1	190
306	2	412
307	3	503
308	4	314
309	5	380
310	6	48
311	1	380
312	2	190
313	3	310
314	4	139
315	5	317
316	6	48
317	1	304
318	2	253
319	3	177
320	4	279
321	5	241
322	6	16
323	1	291
324	2	158
325	4	631
326	5	700
327	6	61
328	1	836
329	2	1152
330	3	430
331	4	349
332	5	393
333	6	123
334	1	406
335	2	399
336	3	416
337	4	462
338	5	700
339	6	77
340	1	578
341	2	645
342	3	502
343	4	451
344	5	725
345	6	61
346	7	386
347	1	676
348	2	584
349	3	215
350	4	34
353	5	504
354	6	415
355	7	13
356	1	565
357	2	568
358	3	229
359	4	270
360	5	307
361	6	15
363	1	270
364	2	230
365	3	272
366	4	248
367	5	221
368	6	108
369	7	13
370	1	393
371	2	676
372	3	459
373	4	248
374	5	319
375	6	123
376	7	27
377	1	258
378	2	169
379	3	272
380	4	304
381	5	197
382	6	15
383	1	307
384	2	200
385	3	301
386	4	225
387	5	172
388	6	92
389	1	283
390	2	399
391	3	301
392	4	214
393	5	307
394	6	46
395	1	233
396	2	430
397	3	659
398	4	383
399	5	430
400	6	46
402	1	356
403	2	384
404	3	387
405	4	451
406	5	221
409	1	25
410	2	676
411	3	401
412	4	315
413	5	393
414	6	31
415	1	332
416	2	461
417	3	373
418	4	631
419	5	406
420	6	61
422	1	283
423	2	461
424	3	444
425	4	248
426	5	406
427	6	77
428	1	406
429	2	384
430	3	272
431	5	12
432	6	46
433	7	306
434	1	246
435	2	507
436	3	301
437	4	428
438	5	455
439	6	77
440	1	258
441	2	338
442	3	502
443	4	259
444	5	344
445	6	77
447	1	283
448	2	323
449	3	258
450	4	248
451	5	270
452	6	46
453	1	406
454	2	338
455	3	272
456	4	293
457	5	688
458	6	15
460	2	476
461	3	387
462	4	237
463	5	295
464	6	31
465	7	13
466	1	455
467	2	384
468	3	229
469	4	191
470	5	406
471	6	31
472	1	209
473	2	230
474	3	444
475	4	293
476	5	258
477	6	31
478	1	221
479	2	307
480	3	645
481	4	304
482	5	492
483	6	61
484	1	221
485	2	522
486	3	545
487	4	259
488	5	381
489	6	61
490	1	455
491	2	599
492	3	229
493	4	338
494	5	418
495	6	46
496	1	369
497	2	353
498	3	315
499	4	248
500	5	393
501	6	77
502	1	430
503	2	445
504	3	330
505	4	315
506	5	283
507	6	15
508	1	332
509	2	323
510	3	186
511	4	180
512	5	209
513	6	15
514	1	455
515	2	599
516	3	330
517	4	146
518	5	270
519	6	46
520	1	393
521	2	184
522	3	272
523	4	214
524	5	209
525	6	31
526	1	307
527	2	384
528	3	229
529	4	259
530	5	258
531	6	77
532	7	13
533	1	283
534	2	445
535	3	344
536	4	248
537	5	221
538	6	31
539	1	393
540	2	323
541	3	401
542	4	270
543	5	553
544	6	61
545	2	829
546	3	516
547	4	338
548	5	479
549	6	77
550	1	442
551	2	430
552	3	387
553	4	259
554	5	356
555	6	46
556	1	307
557	2	430
558	3	358
559	4	383
560	5	811
561	6	108
562	7	319
563	1	541
564	2	845
565	3	14
566	1	12
567	2	15
568	3	989
569	4	372
570	5	467
571	6	461
572	7	13
573	1	565
574	2	553
575	3	573
576	4	360
577	5	307
578	6	92
579	1	406
580	2	353
581	3	244
582	4	338
583	5	295
584	6	46
585	1	270
586	2	660
587	3	530
588	4	518
589	5	356
590	6	15
591	1	492
592	2	415
593	3	416
594	4	327
595	5	369
596	6	46
597	1	467
598	2	292
599	3	344
600	4	237
601	5	319
602	6	46
604	1	467
605	2	660
606	3	344
607	4	372
608	5	455
609	6	46
610	1	356
611	2	430
612	3	344
613	4	191
614	5	393
615	6	92
616	1	295
617	2	261
618	3	272
619	4	383
620	5	344
621	6	92
622	1	442
623	2	507
624	3	358
625	4	462
626	5	430
627	6	15
628	1	319
629	2	276
630	3	258
631	4	270
632	5	553
633	6	61
634	1	197
635	2	707
636	3	330
637	4	135
638	5	393
639	6	31
641	1	307
642	2	184
643	3	172
644	4	37
645	7	1412
646	1	1021
647	2	1546
648	3	659
649	4	1096
650	5	995
651	6	151
652	1	941
653	2	638
654	3	439
655	4	419
656	5	511
657	6	118
659	1	578
660	2	504
661	3	455
662	4	480
663	5	538
664	6	67
666	1	524
667	2	672
668	3	533
669	4	320
670	5	591
671	6	168
672	1	497
673	2	689
674	3	784
675	4	357
676	5	591
677	6	67
678	1	645
679	2	874
680	3	721
681	4	567
682	5	578
683	6	50
684	7	626
685	1	766
686	2	353
688	3	800
689	4	862
690	5	511
691	6	151
692	1	820
693	2	722
694	3	361
695	4	370
696	5	282
697	6	34
698	1	323
699	2	403
700	3	298
701	4	357
702	5	336
703	6	84
704	1	390
705	2	269
706	3	251
707	4	296
708	5	336
709	6	218
710	1	403
711	2	487
712	3	643
713	4	197
714	5	255
715	6	84
716	1	470
717	2	403
718	3	455
719	4	185
720	5	403
722	1	13
723	2	689
724	3	392
725	4	296
726	5	470
727	6	34
729	1	430
730	2	403
731	3	361
732	4	283
733	5	390
734	6	17
735	1	444
736	2	554
737	3	392
738	4	234
739	5	323
740	6	101
741	1	564
742	2	470
743	3	345
744	4	431
745	5	27
746	1	470
747	2	487
748	3	596
749	4	209
750	5	376
751	6	67
752	1	349
753	2	487
754	3	455
755	4	320
756	5	282
757	6	50
758	1	511
759	2	319
760	3	423
761	4	283
762	5	336
763	6	118
764	1	444
765	2	370
766	3	314
767	4	345
768	5	269
769	6	50
770	1	363
771	2	420
772	3	549
773	4	259
774	5	390
775	6	101
776	1	403
777	2	386
778	3	439
779	4	320
780	5	349
781	6	67
782	1	444
783	2	470
784	3	298
785	4	456
786	5	524
787	6	34
788	2	689
789	3	423
790	4	246
791	5	336
792	6	134
793	1	309
794	2	336
795	3	455
796	4	283
797	5	444
798	6	34
799	1	403
800	2	605
801	3	423
802	4	259
803	5	524
804	6	34
805	1	430
806	2	521
807	3	533
808	4	333
809	5	282
810	6	34
811	1	484
812	2	437
813	3	376
814	4	320
815	5	497
816	6	101
817	1	349
818	2	470
819	3	408
820	4	296
821	5	470
822	6	84
823	1	524
824	2	521
825	3	470
826	4	616
827	5	524
828	6	84
829	1	578
830	2	588
831	3	517
832	4	456
833	5	430
834	6	50
835	1	444
836	2	336
837	3	392
838	4	419
839	5	497
840	6	34
842	1	538
843	2	504
844	3	502
845	4	394
846	5	484
847	6	134
849	1	417
850	2	806
851	3	674
852	4	12
853	7	684
854	1	430
855	2	706
856	3	376
857	4	456
858	5	336
859	6	151
860	1	578
861	2	521
862	3	690
863	4	517
864	5	390
865	6	84
866	1	349
867	2	739
868	3	596
869	4	296
870	5	645
871	6	34
872	1	780
873	2	907
874	3	674
875	5	13
876	7	15
877	3	63
878	4	1096
879	5	860
880	6	689
881	1	847
882	2	1109
883	3	831
884	4	444
885	5	444
886	6	50
888	1	645
889	2	1109
890	3	690
891	4	456
892	5	766
893	6	84
894	1	847
895	2	756
896	3	533
897	4	505
898	5	739
899	6	151
900	1	860
901	2	672
902	3	627
903	4	456
904	5	659
905	6	101
907	1	806
908	2	958
909	3	612
910	4	604
911	5	672
912	6	134
913	1	739
914	2	1008
915	3	596
916	4	591
917	5	820
918	6	202
919	1	793
920	2	638
921	3	768
922	4	579
923	5	820
924	6	168
925	1	820
926	2	689
927	3	627
928	4	394
929	5	605
930	6	17
931	1	484
932	2	672
933	3	643
934	4	456
935	5	484
936	6	118
937	1	591
938	2	554
939	3	659
940	4	345
941	5	726
942	6	134
943	1	336
944	2	554
945	3	784
946	4	320
947	5	363
948	6	151
949	7	15
950	1	363
951	2	403
952	3	502
953	4	209
954	5	28
956	1	1797
957	2	1814
958	3	1403
959	4	1026
960	5	1465
961	6	276
962	1	1438
963	2	1071
964	3	935
965	4	532
966	5	871
967	6	259
968	1	1230
969	2	1659
970	3	1242
971	4	925
972	5	843
973	6	225
974	1	1120
975	2	1227
976	3	1000
977	4	672
978	5	912
979	6	190
980	1	1424
981	2	1348
982	3	1355
983	4	1128
984	5	1161
985	6	432
987	7	1093
988	1	719
989	2	1227
990	3	871
991	4	659
992	5	664
993	6	173
994	1	650
995	2	864
996	3	468
997	4	393
998	5	387
999	6	138
1000	1	594
1001	2	691
1002	3	468
1003	4	482
1004	5	608
1005	6	207
1006	1	636
1007	2	363
1008	3	629
1009	4	469
1010	5	567
1011	6	69
1012	1	594
1013	2	674
1014	3	419
1015	4	355
1016	5	456
1017	6	86
1018	1	511
1019	2	397
1020	3	661
1021	4	406
1022	5	594
1023	6	69
1024	1	982
1025	2	968
1026	3	645
1027	4	482
1028	5	954
1029	6	52
1030	2	1382
1031	3	726
1032	4	393
