2	4	20
3	5	1005
4	6	802
5	7	579
6	1	599
7	2	642
8	3	674
9	4	510
10	5	321
11	6	27
12	1	321
13	2	187
14	3	249
15	4	1235
16	5	428
19	1	449
20	2	428
21	3	549
22	4	431
23	5	321
24	6	80
25	1	385
26	2	695
27	3	449
28	4	372
29	5	556
31	7	23
32	1	620
33	2	642
34	3	399
35	4	255
36	5	128
39	6	401
40	7	394
41	1	428
42	2	241
43	3	449
44	4	157
45	5	128
46	6	53
47	1	171
48	2	267
49	3	200
50	4	98
51	5	321
52	6	27
53	1	321
54	2	294
55	3	150
56	4	157
57	5	299
58	6	53
60	1	235
61	2	241
62	3	200
63	4	176
64	5	171
65	6	27
66	1	257
67	2	294
68	3	150
69	4	157
70	5	235
71	6	27
72	1	235
73	2	294
74	3	125
75	4	176
76	5	235
79	1	107
80	2	401
81	3	249
85	7	232
86	1	171
87	2	428
88	3	225
89	4	235
90	5	171
91	6	80
92	1	364
93	2	241
94	3	225
95	4	137
96	5	235
97	6	53
99	1	257
100	2	267
101	3	324
102	4	157
103	5	321
104	6	160
105	7	185
107	4	431
108	5	192
110	1	428
111	2	481
112	3	374
113	4	235
114	5	321
116	7	23
117	1	449
118	2	508
119	3	449
120	4	176
121	5	299
123	1	257
124	2	401
125	3	898
126	4	372
127	5	192
128	6	27
129	1	278
130	2	347
131	3	399
132	4	255
133	5	214
136	1	620
137	2	267
138	3	349
139	4	235
140	5	385
141	6	241
142	7	301
144	4	353
145	5	385
146	6	27
148	1	192
149	2	241
150	3	150
151	4	196
152	5	278
153	6	27
155	1	342
156	2	347
157	3	424
158	4	176
159	5	278
160	6	27
161	1	235
162	2	428
163	3	299
164	4	137
165	5	235
166	6	27
168	1	214
169	2	428
170	3	324
171	4	137
172	5	235
174	7	23
175	1	364
176	2	267
177	3	249
178	4	255
179	5	406
180	6	27
182	1	428
183	2	267
184	3	249
185	4	255
186	5	321
188	1	342
189	2	187
190	3	274
191	4	196
192	5	321
194	1	299
195	2	294
196	3	424
197	4	216
198	5	171
199	6	27
200	1	257
201	2	187
202	3	424
203	4	274
204	5	257
205	6	107
206	1	428
207	2	374
208	3	100
209	4	235
210	5	257
213	1	342
214	2	160
215	3	299
216	4	314
217	5	214
220	1	385
221	2	294
222	3	374
223	4	176
224	5	406
226	1	364
227	2	267
228	3	299
229	4	294
230	5	321
231	6	53
232	1	385
233	2	321
234	3	299
235	4	20
237	7	625
238	1	449
239	2	294
240	3	424
241	4	274
242	5	342
243	6	80
244	7	649
245	1	364
246	3	25
250	2	561
251	3	474
252	4	235
253	5	171
254	6	241
256	1	492
257	2	535
258	3	249
259	4	157
260	5	385
261	6	53
262	1	235
263	2	321
264	3	274
265	4	255
266	5	257
267	6	27
268	1	556
269	2	294
270	3	200
271	4	137
272	5	257
273	6	27
274	1	299
275	2	294
276	3	200
277	4	216
278	5	428
279	6	27
280	1	171
281	2	214
282	3	399
283	4	196
284	5	150
285	6	27
286	1	321
287	2	294
288	3	150
289	4	216
290	5	235
291	6	27
293	1	278
294	2	454
295	3	200
296	4	176
297	5	278
298	6	160
299	1	513
300	2	321
301	3	599
302	4	216
303	5	214
304	6	80
305	1	406
306	2	294
307	3	349
308	4	314
309	5	192
311	1	235
312	2	267
313	3	200
314	4	137
315	5	150
316	6	53
317	1	235
318	2	134
319	3	299
320	4	137
321	5	192
322	6	80
323	1	171
324	2	27
325	4	665
326	5	829
327	6	52
328	1	1016
329	2	648
330	3	702
331	4	285
332	5	643
333	6	78
334	1	373
335	2	415
336	3	508
337	4	513
338	5	477
339	6	78
340	1	643
341	2	752
342	3	774
343	4	399
344	5	746
346	7	157
347	1	726
348	2	700
349	3	169
350	4	57
352	4	19
353	5	435
354	6	622
356	1	498
357	2	726
358	3	314
359	4	152
360	5	228
361	6	52
363	1	311
364	2	311
365	3	266
366	4	209
367	5	290
370	1	311
371	2	441
372	3	411
373	4	266
374	5	166
375	6	52
377	1	290
378	2	181
379	3	169
380	4	152
381	5	83
382	6	52
383	1	353
384	2	156
385	3	218
386	4	190
387	5	228
389	1	270
390	2	415
391	3	290
392	4	152
393	5	270
395	1	166
396	2	337
397	3	532
398	4	304
399	5	415
400	6	26
402	1	207
403	2	259
404	3	290
405	4	171
406	5	270
410	2	389
411	3	532
412	4	342
413	5	249
414	6	26
415	1	373
416	2	415
417	3	218
418	4	342
419	5	353
420	6	78
422	1	435
423	2	337
424	3	339
425	4	209
426	5	332
427	6	78
428	1	332
429	2	337
430	3	314
432	6	26
433	7	449
434	1	311
435	2	311
436	3	363
437	4	532
438	5	353
439	6	26
440	1	249
441	2	544
442	3	218
443	4	209
444	5	249
445	6	52
447	1	311
448	2	415
449	3	242
450	4	228
451	5	270
452	6	52
453	1	270
454	2	363
455	3	363
456	4	171
457	5	560
460	2	726
461	3	194
462	4	152
463	5	332
464	6	26
466	1	394
467	2	233
468	3	145
469	4	95
470	5	124
472	1	228
473	2	363
474	3	339
475	4	133
476	5	145
477	6	52
478	1	249
479	2	389
480	3	411
481	4	266
482	5	477
483	6	104
484	1	207
485	2	415
486	3	339
487	4	304
488	5	228
490	1	332
491	2	311
492	3	411
493	4	285
494	5	270
495	6	52
496	1	332
497	2	518
498	3	266
499	4	342
500	5	249
502	1	290
503	2	389
504	3	145
505	4	342
506	5	228
507	6	26
508	1	373
509	2	363
510	3	314
511	4	190
512	5	207
513	6	104
514	1	353
515	2	622
516	3	363
517	4	228
518	5	249
519	6	52
520	1	477
521	2	156
522	3	266
523	4	247
524	5	332
525	6	104
526	1	228
527	2	311
528	3	314
529	4	209
530	5	290
531	6	26
533	1	353
534	2	311
535	3	266
536	4	266
537	5	435
538	6	26
539	1	518
540	2	492
541	3	532
542	4	361
543	5	498
544	6	52
545	2	829
546	3	677
547	4	380
548	5	435
549	6	52
550	1	498
551	2	518
552	3	169
553	4	323
554	5	498
556	1	311
557	2	544
558	3	314
559	4	399
560	5	809
561	6	52
562	7	247
563	1	456
564	2	492
565	3	24
568	3	1016
569	4	646
570	5	684
571	6	544
573	1	601
574	2	622
575	3	339
576	4	228
577	5	228
578	6	26
579	1	435
580	2	492
581	3	581
582	4	266
583	5	353
584	6	26
585	1	498
586	2	441
587	3	484
588	4	532
589	5	353
591	1	353
592	2	441
593	3	411
594	4	247
595	5	311
596	6	26
597	1	498
598	2	311
599	3	435
600	4	304
601	5	518
602	6	78
604	1	581
605	2	389
606	3	460
607	4	266
608	5	435
609	6	104
610	1	435
611	2	492
612	3	290
613	4	342
614	5	249
615	6	26
616	1	518
617	2	389
618	3	290
619	4	361
620	5	290
621	6	52
622	1	415
623	2	285
624	3	194
625	4	342
626	5	249
627	6	52
628	1	311
629	2	492
630	3	290
631	4	285
632	5	581
633	6	104
634	1	332
635	2	596
636	3	460
637	4	171
638	5	373
641	1	560
642	2	233
643	3	97
644	4	21
645	7	1007
646	1	1089
647	2	1106
648	3	714
649	4	1185
650	5	885
651	6	28
652	1	590
653	2	369
654	3	635
655	4	582
656	5	522
657	6	142
659	1	590
660	2	567
661	3	476
662	4	686
663	5	590
664	6	142
666	1	590
667	2	822
668	3	1085
669	4	437
670	5	454
671	6	170
672	1	635
673	2	709
674	3	556
675	4	499
676	5	363
677	6	85
678	1	975
679	2	907
680	3	926
681	4	1351
682	5	862
683	6	57
684	7	467
685	1	726
686	2	113
688	3	820
689	4	728
690	5	839
691	6	539
692	1	1315
693	2	1049
694	3	423
695	4	229
696	5	386
697	6	85
698	1	408
699	2	567
700	3	132
701	4	270
702	5	408
703	6	28
704	1	227
705	2	425
706	3	265
707	4	291
708	5	204
709	6	198
710	1	635
711	2	369
712	3	238
713	4	125
714	5	181
715	6	57
716	1	318
717	2	198
718	3	318
719	4	166
720	5	340
723	2	369
724	3	529
725	4	270
726	5	272
729	1	363
730	2	425
731	3	265
732	4	187
733	5	136
734	6	57
735	1	386
736	2	340
737	3	582
738	4	187
739	5	249
740	6	85
741	1	703
742	2	482
743	3	344
744	4	270
746	1	567
747	2	340
748	3	423
749	4	437
750	5	431
751	6	85
752	1	544
753	2	312
754	3	318
755	4	395
756	5	295
757	6	113
758	1	930
759	2	312
760	3	212
761	4	395
762	5	680
763	6	57
764	1	476
765	2	539
766	3	265
767	4	249
768	5	295
770	1	431
771	2	284
772	3	397
773	4	416
774	5	363
775	6	113
776	1	544
777	2	425
778	3	318
779	4	499
780	5	249
781	6	113
782	1	748
783	2	255
784	3	370
785	4	229
786	5	318
787	6	28
788	2	850
789	3	582
790	4	291
791	5	363
792	6	28
793	1	363
794	2	340
795	3	503
796	4	249
797	5	318
798	6	28
799	1	567
800	2	595
801	3	503
802	4	249
803	5	181
804	6	28
805	1	249
806	2	652
807	3	423
808	4	437
809	5	272
810	6	113
811	1	431
812	2	539
813	3	503
814	4	249
815	5	454
816	6	57
817	1	136
818	2	397
819	3	529
820	4	312
821	5	386
822	6	170
823	1	454
824	2	510
825	3	370
826	4	395
827	5	612
828	6	85
829	1	635
830	2	397
831	3	450
832	4	665
833	5	386
834	6	113
835	1	386
836	2	397
837	3	159
838	4	374
839	5	567
840	6	28
842	1	431
843	2	425
844	3	344
845	4	229
846	5	181
847	6	227
849	1	748
850	2	425
851	3	476
853	7	983
854	1	318
855	2	482
856	3	423
857	4	249
858	5	431
859	6	57
860	1	499
861	2	397
862	3	529
863	4	187
864	5	272
865	6	28
866	1	363
867	2	482
868	3	397
869	4	333
870	5	318
872	1	680
873	2	539
874	3	609
878	4	686
879	5	658
880	6	567
881	1	386
882	2	312
883	3	476
884	4	478
885	5	431
886	6	85
888	1	431
889	2	765
890	3	450
891	4	333
892	5	272
893	6	28
894	1	318
895	2	482
896	3	370
897	4	229
898	5	249
899	6	57
900	1	499
901	2	482
902	3	370
903	4	437
904	5	340
905	6	57
907	1	794
908	2	397
909	3	265
910	4	270
911	5	249
912	6	85
913	1	340
914	2	227
915	3	185
916	4	353
917	5	386
918	6	85
919	1	318
920	2	340
921	3	450
922	4	353
923	5	318
924	6	113
925	1	816
926	2	340
927	3	291
928	4	229
929	5	295
930	6	28
931	1	272
932	2	255
933	3	503
934	4	187
935	5	499
936	6	57
937	1	295
938	2	539
939	3	291
940	4	249
941	5	386
942	6	113
943	1	318
944	2	482
945	3	662
946	4	353
947	5	363
948	6	57
950	1	272
951	2	170
952	3	318
953	4	83
954	5	23
956	1	1190
957	2	1662
958	3	1198
959	4	642
960	5	1283
961	6	292
962	1	1283
963	2	612
964	3	844
965	4	406
966	5	910
967	6	87
968	1	793
969	2	1050
970	3	980
971	4	556
972	5	583
973	6	29
974	1	677
975	2	700
976	3	544
977	4	278
978	5	793
979	6	117
980	1	1353
981	2	1225
982	3	1170
983	4	984
984	5	933
985	6	175
987	7	480
988	1	700
989	2	1196
990	3	572
991	4	535
992	5	397
993	6	87
994	1	560
995	2	467
996	3	218
997	4	171
998	5	373
999	6	58
1000	1	327
1001	2	612
1002	3	708
1003	4	385
1004	5	443
1005	6	58
1006	1	303
1007	2	525
1008	3	381
1009	4	364
1010	5	303
1011	6	233
1012	1	280
1013	2	117
1014	3	191
1015	4	235
1016	5	327
1017	6	58
1018	1	607
1019	2	321
1020	3	218
1021	4	214
1022	5	350
1023	6	117
1024	1	700
1025	2	379
1026	3	218
1027	4	513
1028	5	420
1029	6	58
1030	2	467
1031	3	490
1032	4	235
