2	20
3	1005
4	802
5	579
6	599
7	642
8	674
9	510
10	321
11	27
12	321
13	187
14	249
15	1235
16	428
19	449
20	428
21	549
22	431
23	321
24	80
25	385
26	695
27	449
28	372
29	556
31	23
32	620
33	642
34	399
35	255
36	128
39	401
40	394
41	428
42	241
43	449
44	157
45	128
46	53
47	171
48	267
49	200
50	98
51	321
52	27
53	321
54	294
55	150
56	157
57	299
58	53
60	235
61	241
62	200
63	176
64	171
65	27
66	257
67	294
68	150
69	157
70	235
71	27
72	235
73	294
74	125
75	176
76	235
79	107
80	401
81	249
85	232
86	171
87	428
88	225
89	235
90	171
91	80
92	364
93	241
94	225
95	137
96	235
97	53
99	257
100	267
101	324
102	157
103	321
104	160
105	185
107	431
108	192
110	428
111	481
112	374
113	235
114	321
116	23
117	449
118	508
119	449
120	176
121	299
123	257
124	401
125	898
126	372
127	192
128	27
129	278
130	347
131	399
132	255
133	214
136	620
137	267
138	349
139	235
140	385
141	241
142	301
144	353
145	385
146	27
148	192
149	241
150	150
151	196
152	278
153	27
155	342
156	347
157	424
158	176
159	278
160	27
161	235
162	428
163	299
164	137
165	235
166	27
168	214
169	428
170	324
171	137
172	235
174	23
175	364
176	267
177	249
178	255
179	406
180	27
182	428
183	267
184	249
185	255
186	321
188	342
189	187
190	274
191	196
192	321
194	299
195	294
196	424
197	216
198	171
199	27
200	257
201	187
202	424
203	274
204	257
205	107
206	428
207	374
208	100
209	235
210	257
213	342
214	160
215	299
216	314
217	214
220	385
221	294
222	374
223	176
224	406
226	364
227	267
228	299
229	294
230	321
231	53
232	385
233	321
234	299
235	20
237	625
238	449
239	294
240	424
241	274
242	342
243	80
244	649
245	364
246	25
250	561
251	474
252	235
253	171
254	241
256	492
257	535
258	249
259	157
260	385
261	53
262	235
263	321
264	274
265	255
266	257
267	27
268	556
269	294
270	200
271	137
272	257
273	27
274	299
275	294
276	200
277	216
278	428
279	27
280	171
281	214
282	399
283	196
284	150
285	27
286	321
287	294
288	150
289	216
290	235
291	27
293	278
294	454
295	200
296	176
297	278
298	160
299	513
300	321
301	599
302	216
303	214
304	80
305	406
306	294
307	349
308	314
309	192
311	235
312	267
313	200
314	137
315	150
316	53
317	235
318	134
319	299
320	137
321	192
322	80
323	171
324	27
325	665
326	829
327	52
328	1016
329	648
330	702
331	285
332	643
333	78
334	373
335	415
336	508
337	513
338	477
339	78
340	643
341	752
342	774
343	399
344	746
346	157
347	726
348	700
349	169
350	57
352	19
353	435
354	622
356	498
357	726
358	314
359	152
360	228
361	52
363	311
364	311
365	266
366	209
367	290
370	311
371	441
372	411
373	266
374	166
375	52
377	290
378	181
379	169
380	152
381	83
382	52
383	353
384	156
385	218
386	190
387	228
389	270
390	415
391	290
392	152
393	270
395	166
396	337
397	532
398	304
399	415
400	26
402	207
403	259
404	290
405	171
406	270
410	389
411	532
412	342
413	249
414	26
415	373
416	415
417	218
418	342
419	353
420	78
422	435
423	337
424	339
425	209
426	332
427	78
428	332
429	337
430	314
432	26
433	449
434	311
435	311
436	363
437	532
438	353
439	26
440	249
441	544
442	218
443	209
444	249
445	52
447	311
448	415
449	242
450	228
451	270
452	52
453	270
454	363
455	363
456	171
457	560
460	726
461	194
462	152
463	332
464	26
466	394
467	233
468	145
469	95
470	124
472	228
473	363
474	339
475	133
476	145
477	52
478	249
479	389
480	411
481	266
482	477
483	104
484	207
485	415
486	339
487	304
488	228
490	332
491	311
492	411
493	285
494	270
495	52
496	332
497	518
498	266
499	342
500	249
502	290
503	389
504	145
505	342
506	228
507	26
508	373
509	363
510	314
511	190
512	207
513	104
514	353
515	622
516	363
517	228
518	249
519	52
520	477
521	156
522	266
523	247
524	332
525	104
526	228
527	311
528	314
529	209
530	290
531	26
533	353
534	311
535	266
536	266
537	435
538	26
539	518
540	492
541	532
542	361
543	498
544	52
545	829
546	677
547	380
548	435
549	52
550	498
551	518
552	169
553	323
554	498
556	311
557	544
558	314
559	399
560	809
561	52
562	247
563	456
564	492
565	24
568	1016
569	646
570	684
571	544
573	601
574	622
575	339
576	228
577	228
578	26
579	435
580	492
581	581
582	266
583	353
584	26
585	498
586	441
587	484
588	532
589	353
591	353
592	441
593	411
594	247
595	311
596	26
597	498
598	311
599	435
600	304
601	518
602	78
604	581
605	389
606	460
607	266
608	435
609	104
610	435
611	492
612	290
613	342
614	249
615	26
616	518
617	389
618	290
619	361
620	290
621	52
622	415
623	285
624	194
625	342
626	249
627	52
628	311
629	492
630	290
631	285
632	581
633	104
634	332
635	596
636	460
637	171
638	373
641	560
642	233
643	97
644	21
645	1007
646	1089
647	1106
648	714
649	1185
650	885
651	28
652	590
653	369
654	635
655	582
656	522
657	142
659	590
660	567
661	476
662	686
663	590
664	142
666	590
667	822
668	1085
669	437
670	454
671	170
672	635
673	709
674	556
675	499
676	363
677	85
678	975
679	907
680	926
681	1351
682	862
683	57
684	467
685	726
686	113
688	820
689	728
690	839
691	539
692	1315
693	1049
694	423
695	229
696	386
697	85
698	408
699	567
700	132
701	270
702	408
703	28
704	227
705	425
706	265
707	291
708	204
709	198
710	635
711	369
712	238
713	125
714	181
715	57
716	318
717	198
718	318
719	166
720	340
723	369
724	529
725	270
726	272
729	363
730	425
731	265
732	187
733	136
734	57
735	386
736	340
737	582
738	187
739	249
740	85
741	703
742	482
743	344
744	270
746	567
747	340
748	423
749	437
750	431
751	85
752	544
753	312
754	318
755	395
756	295
757	113
758	930
759	312
760	212
761	395
762	680
763	57
764	476
765	539
766	265
767	249
768	295
770	431
771	284
772	397
773	416
774	363
775	113
776	544
777	425
778	318
779	499
780	249
781	113
782	748
783	255
784	370
785	229
786	318
787	28
788	850
789	582
790	291
791	363
792	28
793	363
794	340
795	503
796	249
797	318
798	28
799	567
800	595
801	503
802	249
803	181
804	28
805	249
806	652
807	423
808	437
809	272
810	113
811	431
812	539
813	503
814	249
815	454
816	57
817	136
818	397
819	529
820	312
821	386
822	170
823	454
824	510
825	370
826	395
827	612
828	85
829	635
830	397
831	450
832	665
833	386
834	113
835	386
836	397
837	159
838	374
839	567
840	28
842	431
843	425
844	344
845	229
846	181
847	227
849	748
850	425
851	476
853	983
854	318
855	482
856	423
857	249
858	431
859	57
860	499
861	397
862	529
863	187
864	272
865	28
866	363
867	482
868	397
869	333
870	318
872	680
873	539
874	609
878	686
879	658
880	567
881	386
882	312
883	476
884	478
885	431
886	85
888	431
889	765
890	450
891	333
892	272
893	28
894	318
895	482
896	370
897	229
898	249
899	57
900	499
901	482
902	370
903	437
904	340
905	57
907	794
908	397
909	265
910	270
911	249
912	85
913	340
914	227
915	185
916	353
917	386
918	85
919	318
920	340
921	450
922	353
923	318
924	113
925	816
926	340
927	291
928	229
929	295
930	28
931	272
932	255
933	503
934	187
935	499
936	57
937	295
938	539
939	291
940	249
941	386
942	113
943	318
944	482
945	662
946	353
947	363
948	57
950	272
951	170
952	318
953	83
954	23
956	1190
957	1662
958	1198
959	642
960	1283
961	292
962	1283
963	612
964	844
965	406
966	910
967	87
968	793
969	1050
970	980
971	556
972	583
973	29
974	677
975	700
976	544
977	278
978	793
979	117
980	1353
981	1225
982	1170
983	984
984	933
985	175
987	480
988	700
989	1196
990	572
991	535
992	397
993	87
994	560
995	467
996	218
997	171
998	373
999	58
1000	327
1001	612
1002	708
1003	385
1004	443
1005	58
1006	303
1007	525
1008	381
1009	364
1010	303
1011	233
1012	280
1013	117
1014	191
1015	235
1016	327
1017	58
1018	607
1019	321
1020	218
1021	214
1022	350
1023	117
1024	700
1025	379
1026	218
1027	513
1028	420
1029	58
1030	467
1031	490
1032	235
