1	48
3	1565
4	1107
5	647
6	638
7	695
8	673
9	585
10	741
11	129
12	721
13	669
14	456
15	1680
16	680
17	26
18	22
19	1071
20	618
21	865
22	491
23	329
24	51
25	968
26	618
27	601
28	604
29	515
30	51
32	1071
33	978
34	1129
35	717
36	185
37	19
39	746
40	602
41	432
42	309
43	408
44	434
45	268
46	26
47	227
48	232
49	312
50	321
51	453
53	227
54	463
55	336
56	415
57	412
58	51
59	22
60	371
61	489
62	384
63	283
64	329
65	26
66	391
67	335
68	240
69	359
70	371
71	51
72	474
73	283
74	336
75	321
76	453
77	26
78	22
79	144
80	592
81	577
83	21
85	491
86	309
87	798
88	529
89	321
90	432
91	26
92	577
93	463
94	577
95	340
96	432
98	22
99	597
100	360
101	360
102	283
103	556
104	360
105	781
107	755
108	288
109	26
110	597
111	669
112	769
113	264
114	556
115	51
117	618
118	541
119	529
120	359
121	556
123	535
124	669
125	1730
126	566
127	638
128	51
129	432
130	618
131	408
132	491
133	309
134	51
136	474
137	515
138	336
139	434
140	329
141	309
142	402
143	21
144	623
145	432
146	26
148	288
149	644
150	577
151	321
152	268
153	26
154	22
155	391
156	592
157	288
158	208
159	535
160	77
161	721
162	335
163	553
164	302
165	474
168	494
169	360
170	505
171	245
172	432
173	26
175	597
176	489
177	456
178	359
179	412
180	26
182	515
183	721
184	384
185	321
186	453
187	26
188	577
189	566
190	408
191	472
192	515
194	721
195	489
196	529
197	566
198	288
200	371
201	669
202	480
203	302
204	412
205	103
206	782
207	746
208	384
209	529
210	535
213	494
214	463
215	649
216	453
217	268
218	51
220	494
221	541
222	408
223	170
224	432
225	154
226	247
227	541
228	408
229	378
230	206
231	103
232	680
233	541
234	529
237	959
238	680
239	952
240	480
241	585
242	824
243	26
244	1093
245	741
246	48
250	1828
251	865
252	566
253	350
254	309
256	515
257	541
258	697
259	245
260	412
261	26
262	474
263	669
264	529
265	547
266	494
267	26
268	638
269	566
270	649
271	415
272	597
273	26
274	453
275	515
276	625
277	321
278	597
279	51
280	474
281	515
282	505
283	321
284	474
286	556
287	721
288	529
289	585
290	432
291	51
292	22
293	494
294	386
295	384
296	585
297	494
298	335
299	700
300	463
301	480
302	415
303	556
304	103
305	494
306	541
307	961
308	472
309	391
310	51
311	659
312	515
313	529
314	359
315	659
316	103
317	309
318	489
319	432
320	472
321	577
323	453
324	257
325	1080
326	978
327	275
328	1258
329	1448
330	745
331	494
332	719
333	25
334	639
335	599
336	792
337	494
338	679
339	150
340	919
341	924
342	745
343	531
344	919
345	75
346	627
347	899
348	998
349	629
350	55
351	23
353	1198
354	599
356	599
357	499
358	396
359	329
360	339
361	75
363	260
364	275
365	419
366	366
367	419
368	50
370	539
371	549
372	466
373	293
374	200
375	50
377	280
378	250
379	303
380	293
381	339
382	50
383	419
384	399
385	419
386	311
387	180
388	25
389	379
390	624
391	443
392	311
393	200
394	75
395	359
396	200
397	443
398	348
399	719
400	25
402	419
403	424
404	280
405	366
406	359
407	25
408	22
410	674
411	443
412	311
413	339
414	75
415	359
416	374
417	326
418	604
419	459
420	75
421	22
422	319
423	399
424	419
425	201
426	559
427	25
428	339
429	549
430	676
433	562
434	399
435	374
436	536
437	604
438	339
440	439
441	200
442	536
443	256
444	399
445	25
447	339
448	374
449	256
450	293
451	379
452	25
453	519
454	424
455	326
456	403
457	539
458	25
459	22
460	599
461	373
462	220
463	359
464	25
466	280
467	250
468	256
469	183
470	379
471	75
472	240
473	349
474	466
475	348
476	200
478	379
479	474
480	676
481	348
482	499
483	25
484	220
485	699
486	349
487	384
488	419
489	25
490	419
491	399
492	349
493	366
494	200
495	25
496	679
497	499
498	443
499	366
500	539
501	150
502	559
503	324
504	489
505	311
506	379
508	499
509	524
510	303
511	311
512	379
513	100
514	479
515	649
516	443
517	329
518	479
519	25
520	479
521	474
522	349
523	275
524	499
525	50
526	559
527	674
528	373
529	403
530	220
531	75
533	499
534	649
535	489
536	329
537	479
538	75
539	779
540	674
541	536
542	329
543	559
544	25
545	1348
546	326
547	311
548	459
549	75
550	479
551	374
552	280
553	384
554	439
555	75
556	539
557	374
558	419
559	458
560	779
561	100
562	498
563	819
564	674
565	47
566	40
568	1165
569	476
570	479
571	374
572	22
573	719
574	399
575	373
576	311
577	379
578	25
579	379
580	624
581	443
582	366
583	359
584	75
585	519
586	399
587	396
588	659
589	459
591	479
592	449
593	140
594	293
595	419
596	75
597	399
598	374
599	373
600	220
601	499
602	50
603	22
604	319
605	574
606	559
607	293
608	379
609	25
610	419
611	424
612	303
613	238
614	319
615	75
616	599
617	349
618	419
619	348
620	300
621	75
622	419
623	549
624	233
625	366
626	359
627	50
628	639
629	524
630	419
631	348
632	439
634	319
635	649
636	396
637	201
638	499
639	25
641	559
642	424
643	140
645	2058
646	1485
647	1447
648	892
649	1221
650	1223
651	82
652	1267
653	628
654	510
655	721
656	568
657	55
658	24
659	1223
660	655
661	713
662	541
663	677
664	246
665	24
666	655
667	955
668	917
669	480
670	655
671	55
672	895
673	601
674	713
675	581
676	612
677	82
678	1179
679	846
680	688
681	921
682	808
683	191
684	852
685	1245
686	737
688	1554
689	1121
690	917
691	519
692	786
693	573
694	510
695	240
696	393
698	459
699	437
700	382
701	300
702	284
703	55
704	524
705	464
706	204
707	320
708	218
709	164
710	437
711	300
712	510
713	200
714	371
715	55
716	546
717	491
718	306
719	120
720	459
721	55
723	628
724	561
725	300
726	502
727	27
729	328
730	382
731	331
732	340
733	262
734	27
735	546
736	655
737	331
738	300
739	349
740	82
741	437
742	682
743	535
744	621
746	939
747	655
748	586
749	400
750	437
751	27
752	568
753	546
754	382
755	380
756	328
757	27
758	874
759	300
760	357
761	300
762	459
763	55
764	502
765	573
766	306
767	440
768	437
769	55
770	568
771	491
772	331
773	300
774	262
775	27
776	306
777	355
778	280
779	200
780	349
781	27
782	546
783	300
784	204
785	360
786	480
787	27
788	491
789	331
790	380
791	415
792	191
793	568
794	300
795	688
796	320
797	393
798	136
799	546
800	655
801	535
802	180
803	371
804	109
805	546
806	382
807	357
808	220
809	175
810	109
811	371
812	355
813	280
814	180
815	415
816	27
817	371
818	409
819	229
820	240
821	393
822	55
823	524
824	218
825	255
826	360
827	306
828	82
829	437
830	191
831	561
832	300
833	218
835	393
836	328
837	357
838	240
839	328
840	55
841	24
842	524
843	437
844	433
845	260
846	218
847	27
849	568
850	464
851	510
853	686
854	459
855	682
856	204
857	460
858	262
860	218
861	382
862	255
863	200
864	284
865	55
866	590
867	355
868	255
869	420
870	633
871	27
872	895
873	1256
874	917
877	25
878	1321
879	786
880	355
881	633
882	519
883	408
884	400
885	459
886	27
888	459
889	601
890	535
891	400
892	262
894	524
895	191
896	433
897	180
898	371
899	82
900	415
901	464
902	204
903	200
904	480
905	109
906	24
907	633
908	355
909	306
910	260
911	502
912	82
913	371
914	246
915	408
916	300
917	349
918	82
919	568
920	491
921	178
922	280
923	480
924	27
925	677
926	628
927	357
928	300
929	612
930	55
931	306
932	464
933	433
934	200
935	480
936	55
937	524
938	246
939	433
940	280
941	874
942	55
943	262
944	409
945	586
946	200
947	349
948	82
950	612
951	409
952	561
953	160
956	1123
957	758
958	786
959	515
960	696
961	168
962	809
963	674
964	603
965	350
966	337
967	84
968	651
969	562
970	577
971	412
972	472
973	56
974	674
975	590
976	629
977	453
978	809
979	168
980	1011
981	786
982	681
983	906
984	786
985	337
987	754
988	764
989	927
990	472
991	412
992	359
993	28
994	517
995	365
996	393
997	227
998	202
999	84
1000	427
1001	421
1002	288
1003	227
1004	292
1006	449
1007	225
1008	472
1009	144
1010	292
1011	28
1012	449
1013	253
1014	341
1015	227
1016	157
1017	56
1018	270
1019	225
1020	210
1021	288
1022	359
1023	84
1024	404
1025	365
1026	314
1027	432
1028	202
1029	28
1030	786
1031	288
