1	3	48
3	5	1565
4	6	1107
5	7	647
6	1	638
7	2	695
8	3	673
9	4	585
10	5	741
11	6	129
12	1	721
13	2	669
14	3	456
15	4	1680
16	5	680
17	6	26
18	7	22
19	1	1071
20	2	618
21	3	865
22	4	491
23	5	329
24	6	51
25	1	968
26	2	618
27	3	601
28	4	604
29	5	515
30	6	51
32	1	1071
33	2	978
34	3	1129
35	4	717
36	5	185
37	4	19
39	6	746
40	7	602
41	1	432
42	2	309
43	3	408
44	4	434
45	5	268
46	6	26
47	1	227
48	2	232
49	3	312
50	4	321
51	5	453
53	1	227
54	2	463
55	3	336
56	4	415
57	5	412
58	6	51
59	7	22
60	1	371
61	2	489
62	3	384
63	4	283
64	5	329
65	6	26
66	1	391
67	2	335
68	3	240
69	4	359
70	5	371
71	6	51
72	1	474
73	2	283
74	3	336
75	4	321
76	5	453
77	6	26
78	7	22
79	1	144
80	2	592
81	3	577
83	5	21
85	7	491
86	1	309
87	2	798
88	3	529
89	4	321
90	5	432
91	6	26
92	1	577
93	2	463
94	3	577
95	4	340
96	5	432
98	7	22
99	1	597
100	2	360
101	3	360
102	4	283
103	5	556
104	6	360
105	7	781
107	4	755
108	5	288
109	6	26
110	1	597
111	2	669
112	3	769
113	4	264
114	5	556
115	6	51
117	1	618
118	2	541
119	3	529
120	4	359
121	5	556
123	1	535
124	2	669
125	3	1730
126	4	566
127	5	638
128	6	51
129	1	432
130	2	618
131	3	408
132	4	491
133	5	309
134	6	51
136	1	474
137	2	515
138	3	336
139	4	434
140	5	329
141	6	309
142	7	402
143	1	21
144	4	623
145	5	432
146	6	26
148	1	288
149	2	644
150	3	577
151	4	321
152	5	268
153	6	26
154	7	22
155	1	391
156	2	592
157	3	288
158	4	208
159	5	535
160	6	77
161	1	721
162	2	335
163	3	553
164	4	302
165	5	474
168	1	494
169	2	360
170	3	505
171	4	245
172	5	432
173	6	26
175	1	597
176	2	489
177	3	456
178	4	359
179	5	412
180	6	26
182	1	515
183	2	721
184	3	384
185	4	321
186	5	453
187	6	26
188	1	577
189	2	566
190	3	408
191	4	472
192	5	515
194	1	721
195	2	489
196	3	529
197	4	566
198	5	288
200	1	371
201	2	669
202	3	480
203	4	302
204	5	412
205	6	103
206	1	782
207	2	746
208	3	384
209	4	529
210	5	535
213	1	494
214	2	463
215	3	649
216	4	453
217	5	268
218	6	51
220	1	494
221	2	541
222	3	408
223	4	170
224	5	432
225	6	154
226	1	247
227	2	541
228	3	408
229	4	378
230	5	206
231	6	103
232	1	680
233	2	541
234	3	529
237	7	959
238	1	680
239	2	952
240	3	480
241	4	585
242	5	824
243	6	26
244	7	1093
245	1	741
246	3	48
250	2	1828
251	3	865
252	4	566
253	5	350
254	6	309
256	1	515
257	2	541
258	3	697
259	4	245
260	5	412
261	6	26
262	1	474
263	2	669
264	3	529
265	4	547
266	5	494
267	6	26
268	1	638
269	2	566
270	3	649
271	4	415
272	5	597
273	6	26
274	1	453
275	2	515
276	3	625
277	4	321
278	5	597
279	6	51
280	1	474
281	2	515
282	3	505
283	4	321
284	5	474
286	1	556
287	2	721
288	3	529
289	4	585
290	5	432
291	6	51
292	7	22
293	1	494
294	2	386
295	3	384
296	4	585
297	5	494
298	6	335
299	1	700
300	2	463
301	3	480
302	4	415
303	5	556
304	6	103
305	1	494
306	2	541
307	3	961
308	4	472
309	5	391
310	6	51
311	1	659
312	2	515
313	3	529
314	4	359
315	5	659
316	6	103
317	1	309
318	2	489
319	3	432
320	4	472
321	5	577
323	1	453
324	2	257
325	4	1080
326	5	978
327	6	275
328	1	1258
329	2	1448
330	3	745
331	4	494
332	5	719
333	6	25
334	1	639
335	2	599
336	3	792
337	4	494
338	5	679
339	6	150
340	1	919
341	2	924
342	3	745
343	4	531
344	5	919
345	6	75
346	7	627
347	1	899
348	2	998
349	3	629
350	4	55
351	3	23
353	5	1198
354	6	599
356	1	599
357	2	499
358	3	396
359	4	329
360	5	339
361	6	75
363	1	260
364	2	275
365	3	419
366	4	366
367	5	419
368	6	50
370	1	539
371	2	549
372	3	466
373	4	293
374	5	200
375	6	50
377	1	280
378	2	250
379	3	303
380	4	293
381	5	339
382	6	50
383	1	419
384	2	399
385	3	419
386	4	311
387	5	180
388	6	25
389	1	379
390	2	624
391	3	443
392	4	311
393	5	200
394	6	75
395	1	359
396	2	200
397	3	443
398	4	348
399	5	719
400	6	25
402	1	419
403	2	424
404	3	280
405	4	366
406	5	359
407	6	25
408	7	22
410	2	674
411	3	443
412	4	311
413	5	339
414	6	75
415	1	359
416	2	374
417	3	326
418	4	604
419	5	459
420	6	75
421	7	22
422	1	319
423	2	399
424	3	419
425	4	201
426	5	559
427	6	25
428	1	339
429	2	549
430	3	676
433	7	562
434	1	399
435	2	374
436	3	536
437	4	604
438	5	339
440	1	439
441	2	200
442	3	536
443	4	256
444	5	399
445	6	25
447	1	339
448	2	374
449	3	256
450	4	293
451	5	379
452	6	25
453	1	519
454	2	424
455	3	326
456	4	403
457	5	539
458	6	25
459	7	22
460	2	599
461	3	373
462	4	220
463	5	359
464	6	25
466	1	280
467	2	250
468	3	256
469	4	183
470	5	379
471	6	75
472	1	240
473	2	349
474	3	466
475	4	348
476	5	200
478	1	379
479	2	474
480	3	676
481	4	348
482	5	499
483	6	25
484	1	220
485	2	699
486	3	349
487	4	384
488	5	419
489	6	25
490	1	419
491	2	399
492	3	349
493	4	366
494	5	200
495	6	25
496	1	679
497	2	499
498	3	443
499	4	366
500	5	539
501	6	150
502	1	559
503	2	324
504	3	489
505	4	311
506	5	379
508	1	499
509	2	524
510	3	303
511	4	311
512	5	379
513	6	100
514	1	479
515	2	649
516	3	443
517	4	329
518	5	479
519	6	25
520	1	479
521	2	474
522	3	349
523	4	275
524	5	499
525	6	50
526	1	559
527	2	674
528	3	373
529	4	403
530	5	220
531	6	75
533	1	499
534	2	649
535	3	489
536	4	329
537	5	479
538	6	75
539	1	779
540	2	674
541	3	536
542	4	329
543	5	559
544	6	25
545	2	1348
546	3	326
547	4	311
548	5	459
549	6	75
550	1	479
551	2	374
552	3	280
553	4	384
554	5	439
555	6	75
556	1	539
557	2	374
558	3	419
559	4	458
560	5	779
561	6	100
562	7	498
563	1	819
564	2	674
565	3	47
566	1	40
568	3	1165
569	4	476
570	5	479
571	6	374
572	7	22
573	1	719
574	2	399
575	3	373
576	4	311
577	5	379
578	6	25
579	1	379
580	2	624
581	3	443
582	4	366
583	5	359
584	6	75
585	1	519
586	2	399
587	3	396
588	4	659
589	5	459
591	1	479
592	2	449
593	3	140
594	4	293
595	5	419
596	6	75
597	1	399
598	2	374
599	3	373
600	4	220
601	5	499
602	6	50
603	7	22
604	1	319
605	2	574
606	3	559
607	4	293
608	5	379
609	6	25
610	1	419
611	2	424
612	3	303
613	4	238
614	5	319
615	6	75
616	1	599
617	2	349
618	3	419
619	4	348
620	5	300
621	6	75
622	1	419
623	2	549
624	3	233
625	4	366
626	5	359
627	6	50
628	1	639
629	2	524
630	3	419
631	4	348
632	5	439
634	1	319
635	2	649
636	3	396
637	4	201
638	5	499
639	6	25
641	1	559
642	2	424
643	3	140
645	7	2058
646	1	1485
647	2	1447
648	3	892
649	4	1221
650	5	1223
651	6	82
652	1	1267
653	2	628
654	3	510
655	4	721
656	5	568
657	6	55
658	7	24
659	1	1223
660	2	655
661	3	713
662	4	541
663	5	677
664	6	246
665	7	24
666	1	655
667	2	955
668	3	917
669	4	480
670	5	655
671	6	55
672	1	895
673	2	601
674	3	713
675	4	581
676	5	612
677	6	82
678	1	1179
679	2	846
680	3	688
681	4	921
682	5	808
683	6	191
684	7	852
685	1	1245
686	2	737
688	3	1554
689	4	1121
690	5	917
691	6	519
692	1	786
693	2	573
694	3	510
695	4	240
696	5	393
698	1	459
699	2	437
700	3	382
701	4	300
702	5	284
703	6	55
704	1	524
705	2	464
706	3	204
707	4	320
708	5	218
709	6	164
710	1	437
711	2	300
712	3	510
713	4	200
714	5	371
715	6	55
716	1	546
717	2	491
718	3	306
719	4	120
720	5	459
721	6	55
723	2	628
724	3	561
725	4	300
726	5	502
727	6	27
729	1	328
730	2	382
731	3	331
732	4	340
733	5	262
734	6	27
735	1	546
736	2	655
737	3	331
738	4	300
739	5	349
740	6	82
741	1	437
742	2	682
743	3	535
744	4	621
746	1	939
747	2	655
748	3	586
749	4	400
750	5	437
751	6	27
752	1	568
753	2	546
754	3	382
755	4	380
756	5	328
757	6	27
758	1	874
759	2	300
760	3	357
761	4	300
762	5	459
763	6	55
764	1	502
765	2	573
766	3	306
767	4	440
768	5	437
769	6	55
770	1	568
771	2	491
772	3	331
773	4	300
774	5	262
775	6	27
776	1	306
777	2	355
778	3	280
779	4	200
780	5	349
781	6	27
782	1	546
783	2	300
784	3	204
785	4	360
786	5	480
787	6	27
788	2	491
789	3	331
790	4	380
791	5	415
792	6	191
793	1	568
794	2	300
795	3	688
796	4	320
797	5	393
798	6	136
799	1	546
800	2	655
801	3	535
802	4	180
803	5	371
804	6	109
805	1	546
806	2	382
807	3	357
808	4	220
809	5	175
810	6	109
811	1	371
812	2	355
813	3	280
814	4	180
815	5	415
816	6	27
817	1	371
818	2	409
819	3	229
820	4	240
821	5	393
822	6	55
823	1	524
824	2	218
825	3	255
826	4	360
827	5	306
828	6	82
829	1	437
830	2	191
831	3	561
832	4	300
833	5	218
835	1	393
836	2	328
837	3	357
838	4	240
839	5	328
840	6	55
841	7	24
842	1	524
843	2	437
844	3	433
845	4	260
846	5	218
847	6	27
849	1	568
850	2	464
851	3	510
853	7	686
854	1	459
855	2	682
856	3	204
857	4	460
858	5	262
860	1	218
861	2	382
862	3	255
863	4	200
864	5	284
865	6	55
866	1	590
867	2	355
868	3	255
869	4	420
870	5	633
871	6	27
872	1	895
873	2	1256
874	3	917
877	3	25
878	4	1321
879	5	786
880	6	355
881	1	633
882	2	519
883	3	408
884	4	400
885	5	459
886	6	27
888	1	459
889	2	601
890	3	535
891	4	400
892	5	262
894	1	524
895	2	191
896	3	433
897	4	180
898	5	371
899	6	82
900	1	415
901	2	464
902	3	204
903	4	200
904	5	480
905	6	109
906	7	24
907	1	633
908	2	355
909	3	306
910	4	260
911	5	502
912	6	82
913	1	371
914	2	246
915	3	408
916	4	300
917	5	349
918	6	82
919	1	568
920	2	491
921	3	178
922	4	280
923	5	480
924	6	27
925	1	677
926	2	628
927	3	357
928	4	300
929	5	612
930	6	55
931	1	306
932	2	464
933	3	433
934	4	200
935	5	480
936	6	55
937	1	524
938	2	246
939	3	433
940	4	280
941	5	874
942	6	55
943	1	262
944	2	409
945	3	586
946	4	200
947	5	349
948	6	82
950	1	612
951	2	409
952	3	561
953	4	160
956	1	1123
957	2	758
958	3	786
959	4	515
960	5	696
961	6	168
962	1	809
963	2	674
964	3	603
965	4	350
966	5	337
967	6	84
968	1	651
969	2	562
970	3	577
971	4	412
972	5	472
973	6	56
974	1	674
975	2	590
976	3	629
977	4	453
978	5	809
979	6	168
980	1	1011
981	2	786
982	3	681
983	4	906
984	5	786
985	6	337
987	7	754
988	1	764
989	2	927
990	3	472
991	4	412
992	5	359
993	6	28
994	1	517
995	2	365
996	3	393
997	4	227
998	5	202
999	6	84
1000	1	427
1001	2	421
1002	3	288
1003	4	227
1004	5	292
1006	1	449
1007	2	225
1008	3	472
1009	4	144
1010	5	292
1011	6	28
1012	1	449
1013	2	253
1014	3	341
1015	4	227
1016	5	157
1017	6	56
1018	1	270
1019	2	225
1020	3	210
1021	4	288
1022	5	359
1023	6	84
1024	1	404
1025	2	365
1026	3	314
1027	4	432
1028	5	202
1029	6	28
1030	2	786
1031	3	288
