3	811
4	824
5	549
6	545
7	618
8	532
9	441
10	418
11	32
12	393
13	412
14	384
15	1824
16	570
17	95
19	646
20	380
21	473
22	372
23	304
24	48
25	532
26	523
27	577
28	186
29	456
30	63
32	659
33	602
34	532
35	430
36	177
38	13
39	364
40	343
41	304
42	238
43	562
44	290
45	279
46	16
47	304
48	396
49	310
50	232
51	342
53	266
54	206
55	266
56	244
57	228
58	32
60	329
61	253
62	237
63	314
64	342
66	317
67	380
68	399
69	348
70	342
71	16
72	291
73	285
74	444
75	232
76	444
77	32
79	215
80	507
81	429
83	13
85	398
86	329
87	348
88	325
89	360
90	355
91	32
92	469
93	253
94	429
95	337
96	291
97	32
98	14
99	444
100	364
101	296
102	232
103	317
104	539
105	206
106	38
107	337
108	393
109	48
110	431
111	380
112	355
113	163
114	482
115	48
117	659
118	459
119	547
120	244
121	380
122	16
123	444
124	570
125	2070
126	953
127	710
128	32
129	393
130	412
131	414
132	290
133	203
134	32
135	14
136	355
137	348
138	340
139	430
140	279
141	317
142	357
143	51
144	430
145	329
146	32
148	393
149	475
150	399
151	244
152	342
153	32
154	14
155	241
156	412
157	399
158	256
159	329
160	79
161	228
162	428
163	621
164	372
165	317
166	16
167	14
168	418
169	333
170	207
171	256
172	482
173	16
175	545
176	396
177	340
178	314
179	291
180	79
181	14
182	558
183	380
184	325
185	337
186	203
187	16
188	469
189	507
190	325
191	348
192	469
193	16
194	494
195	444
196	296
197	279
198	266
200	444
201	444
202	473
203	256
204	304
205	79
206	760
207	475
208	370
209	267
210	393
211	48
212	14
213	418
214	554
215	370
216	221
217	253
220	406
221	364
222	310
223	186
224	355
225	48
226	520
227	475
228	207
229	488
230	367
231	32
232	684
233	348
234	577
235	12
236	13
237	645
238	456
239	412
240	340
241	372
242	279
243	63
244	577
245	532
246	44
248	16
250	649
251	458
252	441
253	253
254	317
256	393
257	507
258	606
259	337
260	355
261	48
262	304
263	348
264	251
265	314
266	291
267	95
268	418
269	444
270	325
271	279
272	127
273	32
274	329
275	380
276	251
277	174
278	317
279	63
280	355
281	523
282	414
283	232
284	304
285	48
286	367
287	491
288	310
289	314
290	406
291	32
293	482
294	444
295	384
296	209
297	393
298	127
299	355
300	301
301	384
302	221
303	367
304	63
305	190
306	412
307	503
308	314
309	380
310	48
311	380
312	190
313	310
314	139
315	317
316	48
317	304
318	253
319	177
320	279
321	241
322	16
323	291
324	158
325	631
326	700
327	61
328	836
329	1152
330	430
331	349
332	393
333	123
334	406
335	399
336	416
337	462
338	700
339	77
340	578
341	645
342	502
343	451
344	725
345	61
346	386
347	676
348	584
349	215
350	34
353	504
354	415
355	13
356	565
357	568
358	229
359	270
360	307
361	15
363	270
364	230
365	272
366	248
367	221
368	108
369	13
370	393
371	676
372	459
373	248
374	319
375	123
376	27
377	258
378	169
379	272
380	304
381	197
382	15
383	307
384	200
385	301
386	225
387	172
388	92
389	283
390	399
391	301
392	214
393	307
394	46
395	233
396	430
397	659
398	383
399	430
400	46
402	356
403	384
404	387
405	451
406	221
409	25
410	676
411	401
412	315
413	393
414	31
415	332
416	461
417	373
418	631
419	406
420	61
422	283
423	461
424	444
425	248
426	406
427	77
428	406
429	384
430	272
431	12
432	46
433	306
434	246
435	507
436	301
437	428
438	455
439	77
440	258
441	338
442	502
443	259
444	344
445	77
447	283
448	323
449	258
450	248
451	270
452	46
453	406
454	338
455	272
456	293
457	688
458	15
460	476
461	387
462	237
463	295
464	31
465	13
466	455
467	384
468	229
469	191
470	406
471	31
472	209
473	230
474	444
475	293
476	258
477	31
478	221
479	307
480	645
481	304
482	492
483	61
484	221
485	522
486	545
487	259
488	381
489	61
490	455
491	599
492	229
493	338
494	418
495	46
496	369
497	353
498	315
499	248
500	393
501	77
502	430
503	445
504	330
505	315
506	283
507	15
508	332
509	323
510	186
511	180
512	209
513	15
514	455
515	599
516	330
517	146
518	270
519	46
520	393
521	184
522	272
523	214
524	209
525	31
526	307
527	384
528	229
529	259
530	258
531	77
532	13
533	283
534	445
535	344
536	248
537	221
538	31
539	393
540	323
541	401
542	270
543	553
544	61
545	829
546	516
547	338
548	479
549	77
550	442
551	430
552	387
553	259
554	356
555	46
556	307
557	430
558	358
559	383
560	811
561	108
562	319
563	541
564	845
565	14
566	12
567	15
568	989
569	372
570	467
571	461
572	13
573	565
574	553
575	573
576	360
577	307
578	92
579	406
580	353
581	244
582	338
583	295
584	46
585	270
586	660
587	530
588	518
589	356
590	15
591	492
592	415
593	416
594	327
595	369
596	46
597	467
598	292
599	344
600	237
601	319
602	46
604	467
605	660
606	344
607	372
608	455
609	46
610	356
611	430
612	344
613	191
614	393
615	92
616	295
617	261
618	272
619	383
620	344
621	92
622	442
623	507
624	358
625	462
626	430
627	15
628	319
629	276
630	258
631	270
632	553
633	61
634	197
635	707
636	330
637	135
638	393
639	31
641	307
642	184
643	172
644	37
645	1412
646	1021
647	1546
648	659
649	1096
650	995
651	151
652	941
653	638
654	439
655	419
656	511
657	118
659	578
660	504
661	455
662	480
663	538
664	67
666	524
667	672
668	533
669	320
670	591
671	168
672	497
673	689
674	784
675	357
676	591
677	67
678	645
679	874
680	721
681	567
682	578
683	50
684	626
685	766
686	353
688	800
689	862
690	511
691	151
692	820
693	722
694	361
695	370
696	282
697	34
698	323
699	403
700	298
701	357
702	336
703	84
704	390
705	269
706	251
707	296
708	336
709	218
710	403
711	487
712	643
713	197
714	255
715	84
716	470
717	403
718	455
719	185
720	403
722	13
723	689
724	392
725	296
726	470
727	34
729	430
730	403
731	361
732	283
733	390
734	17
735	444
736	554
737	392
738	234
739	323
740	101
741	564
742	470
743	345
744	431
745	27
746	470
747	487
748	596
749	209
750	376
751	67
752	349
753	487
754	455
755	320
756	282
757	50
758	511
759	319
760	423
761	283
762	336
763	118
764	444
765	370
766	314
767	345
768	269
769	50
770	363
771	420
772	549
773	259
774	390
775	101
776	403
777	386
778	439
779	320
780	349
781	67
782	444
783	470
784	298
785	456
786	524
787	34
788	689
789	423
790	246
791	336
792	134
793	309
794	336
795	455
796	283
797	444
798	34
799	403
800	605
801	423
802	259
803	524
804	34
805	430
806	521
807	533
808	333
809	282
810	34
811	484
812	437
813	376
814	320
815	497
816	101
817	349
818	470
819	408
820	296
821	470
822	84
823	524
824	521
825	470
826	616
827	524
828	84
829	578
830	588
831	517
832	456
833	430
834	50
835	444
836	336
837	392
838	419
839	497
840	34
842	538
843	504
844	502
845	394
846	484
847	134
849	417
850	806
851	674
852	12
853	684
854	430
855	706
856	376
857	456
858	336
859	151
860	578
861	521
862	690
863	517
864	390
865	84
866	349
867	739
868	596
869	296
870	645
871	34
872	780
873	907
874	674
875	13
876	15
877	63
878	1096
879	860
880	689
881	847
882	1109
883	831
884	444
885	444
886	50
888	645
889	1109
890	690
891	456
892	766
893	84
894	847
895	756
896	533
897	505
898	739
899	151
900	860
901	672
902	627
903	456
904	659
905	101
907	806
908	958
909	612
910	604
911	672
912	134
913	739
914	1008
915	596
916	591
917	820
918	202
919	793
920	638
921	768
922	579
923	820
924	168
925	820
926	689
927	627
928	394
929	605
930	17
931	484
932	672
933	643
934	456
935	484
936	118
937	591
938	554
939	659
940	345
941	726
942	134
943	336
944	554
945	784
946	320
947	363
948	151
949	15
950	363
951	403
952	502
953	209
954	28
956	1797
957	1814
958	1403
959	1026
960	1465
961	276
962	1438
963	1071
964	935
965	532
966	871
967	259
968	1230
969	1659
970	1242
971	925
972	843
973	225
974	1120
975	1227
976	1000
977	672
978	912
979	190
980	1424
981	1348
982	1355
983	1128
984	1161
985	432
987	1093
988	719
989	1227
990	871
991	659
992	664
993	173
994	650
995	864
996	468
997	393
998	387
999	138
1000	594
1001	691
1002	468
1003	482
1004	608
1005	207
1006	636
1007	363
1008	629
1009	469
1010	567
1011	69
1012	594
1013	674
1014	419
1015	355
1016	456
1017	86
1018	511
1019	397
1020	661
1021	406
1022	594
1023	69
1024	982
1025	968
1026	645
1027	482
1028	954
1029	52
1030	1382
1031	726
1032	393
