3396
2735
3903
3377
4094
2377
1874
1843
1933
1797
1739
744
1745
2164
2104
73
2427
2509
1940
1794
2374
89
1612
1778
1819
1804
2141
2028
1961
2100
1804
2765
2106
1775
1794
2288
2330
2172
2250
1909
2436
2059
1712
2057
2118
2290
2026
2156
1587
1660
5202
2593
3591
4320
3710
1835
2387
2206
2065
1932
1582
1739
59
1901
2070
1901
1621
1599
1812
1862
1919
1489
1616
1184
1983
2065
1740
1755
2022
2076
1867
1824
2764
2209
2156
2915
52
3096
1792
1993
2136
2041
2175
1863
2294
2024
2113
1593
2167
5804
4259
3425
2692
3469
4217
4903
4832
2028
2508
2617
2280
13
2044
2424
2491
3150
2384
3309
2037
2102
2147
2327
2031
2248
2034
1804
1304
2437
2186
1926
2270
2616
1800
1990
1983
3279
2584
2407
2569
2615
3017
2237
2397
3666
2228
2057
1611
2555
6421
5227
3859
3637
5594
3610
3037
2525
2203
2437
2476
3439
