4966
275
216
231
279
2847
186
87
180
113
198
171
30
198
137
1462
104
121
38
140
113
1266
150
85
183
108
94
154
42
81
27
363
122
73
371
188
243
16
1414
171
192
129
206
170
192
778
377
255
278
205
649
441
411
324
3332
272
250
305
390
239
222
139
25
182
357
230
72
191
263
123
153
124
212
133
291
107
152
248
41
248
207
248
305
212
218
317
205
382
1964
193
218
15
256
245
246
344
261
138
186
140
796
448
699
471
367
652
2073
290
236
948
376
55
139
275
378
321
314
497
128
319
381
89
472
401
304
288
185
410
297
346
227
498
309
254
61
2489
263
181
322
409
498
540
409
312
450
482
800
33
1063
657
429
755
1564
780
564
426
610
442
506
195
