36
2713
6072
2073
1652
2567
19
1896
1191
1461
1386
1452
1279
60
1294
1447
1102
2484
1142
1088
2333
1497
1690
2265
1067
1025
1256
810
1271
1031
1477
1370
1058
1438
1433
861
1762
48
1898
1876
997
1606
1321
1197
1130
1357
1454
1288
1726
1207
1365
4254
2171
2706
2142
244
19
1576
1532
1566
1437
1392
1124
1534
1668
1603
2176
1100
2284
1230
1253
1201
1081
1025
1227
1467
1542
1266
1512
1656
1175
1023
1130
1510
1299
1471
1602
1413
1657
2396
1467
1312
2394
1342
1085
1468
1243
1641
1695
1332
769
75
5742
2722
2501
2546
2530
4141
4395
1477
1693
1524
1140
1102
1348
1354
1105
2017
1876
1816
1520
1478
1427
1692
1533
1257
1380
1062
1398
1193
1155
1951
2051
1357
1327
12
1783
1183
1510
4354
2065
1925
1180
1590
1667
1870
1860
1497
1491
1414
1565
772
3192
1899
2851
2374
4243
24
3054
1541
1618
1870
1569
1586
2144
1306
