5565
2409
2716
1702
2726
761
13
1552
1816
1514
1345
1559
1601
51
1527
1514
1774
1723
1934
2030
1931
1161
1354
1721
1325
1659
1526
1603
1633
1290
1892
985
1150
1698
1034
1534
1329
13
2025
17
1339
1808
1664
1714
2099
1693
1698
1849
1654
1474
1831
1642
4569
3075
3006
3887
4061
1772
1905
1308
1064
1129
1500
2473
1348
1460
1885
2248
12
1628
1686
1545
2338
1774
1383
1370
2049
1754
1494
1853
1244
1391
1545
1377
1065
1752
2344
2033
2097
2965
2454
1432
1381
1579
1718
1932
1756
1409
1459
1706
1977
1844
4501
2869
2883
2709
2564
3701
3661
1808
1626
1664
1696
1902
2035
1310
1524
27
2054
1361
2232
1631
1416
1517
1946
2051
1659
1675
1384
1907
1613
1983
1795
1893
1254
1625
1565
2380
13
3418
1816
1989
1886
1994
1876
2174
2270
2170
2140
2924
2158
70
4838
2978
2644
3880
4763
2735
1883
2259
1772
1777
2268
2519
