68
3096
1901
2700
2586
3741
2563
1919
1615
1763
1445
1464
1959
1709
1859
1449
2220
2068
5581
1658
1606
1539
1487
1924
1558
1506
1346
1505
1682
1951
1064
1751
1607
1408
2101
1949
117
2681
2540
1722
1789
1631
2103
1519
1681
2309
2739
1979
1584
3488
2546
3534
1598
23
2282
2040
2471
1722
1693
1933
2954
1787
2469
1682
1803
1863
2025
1755
1090
1302
1661
1073
1952
2483
2027
1731
1792
1495
1313
1658
1421
1707
1371
2079
2265
1190
1801
132
4783
2282
1967
2061
1762
1867
1869
1585
1755
1504
1729
1960
1278
3616
2482
2954
3877
3835
3877
4712
2054
1426
1907
2451
1784
2690
1455
2014
2155
2824
1881
1722
1447
1964
1668
1387
1933
2291
2281
1944
1893
1754
1823
2334
1604
1738
2305
1475
2032
2312
3046
88
2458
2551
1900
1760
2019
1898
2057
2063
2725
2339
3477
2331
5017
3631
3687
3499
4690
3369
2221
2374
2392
1954
2048
2277
2513
