4146
2386
2700
3016
4059
1740
1844
1900
1812
1889
1794
2424
2143
1631
1584
2587
2284
2342
2055
1885
2178
2336
1781
1615
1759
2033
1751
1905
1760
2281
1811
2032
1965
1900
2483
4723
2669
2541
2077
1849
2338
2160
2170
2126
2002
1680
1514
950
5090
2796
3528
3957
3525
1904
3224
2018
1802
2848
2051
1915
3076
1870
2607
2174
2257
1857
1841
1769
2908
1288
1713
2016
2822
2209
2072
1739
1749
2787
1416
1941
2049
2466
4044
2231
2219
3137
15
2441
2085
2389
1946
1692
2356
2242
1778
2490
2036
3091
1292
7226
3472
2794
3526
3498
4630
2040
23
4032
2479
2491
2325
2007
3380
2024
2985
2830
2383
2472
1948
2246
2114
1925
1926
3157
1465
3005
2520
2255
2076
2596
1608
1902
2200
2477
2684
2256
2445
3804
3546
3639
2019
2594
2538
2268
1947
2535
2098
2181
2771
1839
7069
3848
4572
3865
5592
5537
3315
2627
2344
2326
1934
3208
4003
